5
0
4
0	1	1
1	2	1
2	3	1
3	4	1
3
2	4	0
3	3	0
4	2	0

1
5
0	1	1
1	2	1
2	3	1
3	4	1
2	4	1
5
2	5	0
3	1	1
3	3	0
4	1	1
4	2	0

2
5
0	1	1
1	2	1
2	3	1
2	4	1
1	4	1
5
2	5	0
3	4	0
3	1	1
4	2	1
4	1	0

3
6
0	1	1
1	2	1
2	3	1
3	4	1
1	4	1
2	4	1
6
2	6	0
3	2	1
3	4	0
4	1	2
4	2	0
4	1	1

4
4
0	1	1
1	2	1
2	3	1
2	4	1
4
2	4	0
3	4	0
4	1	3
4	2	0

5
7
0	1	1
1	2	1
2	3	1
1	3	1
3	4	1
0	4	1
1	4	1
6
2	7	0
3	5	0
3	3	1
4	2	2
4	1	0
4	2	1

6
6
0	1	1
1	2	1
2	3	1
1	3	1
2	4	1
1	4	1
6
2	6	0
3	5	0
3	2	1
4	1	2
4	1	3
4	2	1

7
6
0	1	1
1	2	1
2	3	1
1	3	1
1	4	1
0	4	1
4
2	6	0
3	4	0
3	2	1
4	4	1

# Topo. # : Multp.
0	81
1	36
2	24
3	12
4	18
5	6
6	6
7	3