6
0
5
0	1	1
1	2	1
2	3	1
3	4	1
4	5	1
4
2	5	0
3	4	0
4	3	0
5	2	0

1
6
0	1	1
1	2	1
2	3	1
3	4	1
4	5	1
3	5	1
7
2	6	0
3	1	1
3	4	0
4	1	1
4	3	0
5	1	1
5	2	0

2
6
0	1	1
1	2	1
2	3	1
3	4	1
3	5	1
2	5	1
8
2	6	0
3	5	0
3	1	1
4	2	1
4	3	0
5	1	2
5	1	1
5	1	0

3
7
0	1	1
1	2	1
2	3	1
3	4	1
4	5	1
2	5	1
3	5	1
9
2	7	0
3	2	1
3	5	0
4	1	2
4	4	0
4	1	1
5	1	3
5	2	0
5	1	1

4
5
0	1	1
1	2	1
2	3	1
3	4	1
3	5	1
6
2	5	0
3	5	0
4	1	3
4	3	0
5	1	4
5	2	0

5
8
0	1	1
1	2	1
2	3	1
3	4	1
2	4	1
4	5	1
1	5	1
2	5	1
11
2	8	0
3	7	0
3	3	1
4	2	2
4	4	0
4	3	1
5	1	5
5	1	0
5	1	3
5	1	2
5	1	1

6
7
0	1	1
1	2	1
2	3	1
3	4	1
2	4	1
3	5	1
2	5	1
10
2	7	0
3	6	0
3	2	1
4	1	2
4	1	3
4	2	1
4	3	0
5	1	6
5	1	4
5	2	1

7
7
0	1	1
1	2	1
2	3	1
3	4	1
2	4	1
2	5	1
1	5	1
8
2	7	0
3	6	0
3	2	1
4	5	1
4	2	0
5	1	7
5	2	2
5	1	1

8
7
0	1	1
1	2	1
2	3	1
3	4	1
2	4	1
1	5	1
0	5	1
6
2	7	0
3	2	1
3	4	0
4	4	0
4	2	1
5	4	1

9
6
0	1	1
1	2	1
2	3	1
2	4	1
1	4	1
4	5	1
6
2	6	0
3	6	0
3	1	1
4	3	0
4	3	1
5	3	2

10
7
0	1	1
1	2	1
2	3	1
2	4	1
1	4	1
2	5	1
1	5	1
9
2	7	0
3	8	0
3	2	1
4	2	3
4	1	2
4	4	1
4	1	0
5	2	6
5	2	2

11
7
0	1	1
1	2	1
2	3	1
3	4	1
3	5	1
1	5	1
2	5	1
8
2	7	0
3	6	0
3	2	1
4	2	1
4	4	0
4	1	2
5	2	3
5	2	0

12
5
0	1	1
1	2	1
2	3	1
3	4	1
2	5	1
6
2	5	0
3	5	0
4	4	0
4	1	3
5	2	4
5	1	0

13
7
0	1	1
1	2	1
2	3	1
3	4	1
1	4	1
2	4	1
4	5	1
11
2	7	0
3	7	0
3	2	1
4	3	1
4	1	3
4	1	2
4	3	0
5	1	6
5	1	4
5	1	2
5	1	3

14
9
0	1	1
1	2	1
2	3	1
3	4	1
1	4	1
2	4	1
4	5	1
0	5	1
1	5	1
9
2	9	0
3	8	0
3	4	1
4	4	1
4	3	2
4	5	0
5	2	5
5	2	1
5	2	3

15
8
0	1	1
1	2	1
2	3	1
3	4	1
1	4	1
2	4	1
2	5	1
1	5	1
12
2	8	0
3	8	0
3	3	1
4	4	1
4	3	0
4	2	2
4	1	3
5	1	5
5	1	4
5	1	6
5	1	2
5	1	3

16
8
0	1	1
1	2	1
2	3	1
3	4	1
1	4	1
2	4	1
1	5	1
0	5	1
9
2	8	0
3	3	1
3	6	0
4	4	0
4	4	1
4	1	2
5	2	3
5	2	1
5	1	7

17
6
0	1	1
1	2	1
2	3	1
2	4	1
1	5	1
0	5	1
8
2	6	0
3	5	0
3	1	1
4	4	0
4	1	3
4	1	1
5	2	4
5	2	1

18
9
0	1	1
1	2	1
2	3	1
1	3	1
3	4	1
4	5	1
3	5	1
0	5	1
1	5	1
8
2	9	0
3	4	1
3	9	0
4	6	1
4	3	2
4	3	0
5	3	5
5	3	2

19
9
0	1	1
1	2	1
2	3	1
1	3	1
3	4	1
0	4	1
1	4	1
2	5	1
1	5	1
11
2	9	0
3	9	0
3	4	1
4	2	0
4	6	1
4	3	2
4	1	3
5	2	5
5	1	0
5	2	6
5	1	7

20
5
0	1	1
1	2	1
2	3	1
2	4	1
1	5	1
5
2	5	0
3	6	0
4	4	0
4	2	3
5	4	4

21
6
0	1	1
1	2	1
2	3	1
3	4	1
4	5	1
0	5	1
4
2	6	0
3	6	0
4	6	0
5	6	0

# Topo. # : Multp.
0	237
1	108
2	144
3	36
4	54
5	24
6	18
7	24
8	12
9	16
10	3
11	12
12	54
13	24
14	6
15	12
16	6
17	12
18	2
19	6
20	3
21	1