8
0
7
0	1	1
1	2	1
2	3	1
3	4	1
4	5	1
5	6	1
6	7	1
6
2	7	0
3	6	0
4	5	0
5	4	0
6	3	0
7	2	0

1
8
0	1	1
1	2	1
2	3	1
3	4	1
4	5	1
5	6	1
6	7	1
5	7	1
11
2	8	0
3	1	1
3	6	0
4	1	1
4	5	0
5	1	1
5	4	0
6	1	1
6	3	0
7	1	1
7	2	0

2
8
0	1	1
1	2	1
2	3	1
3	4	1
4	5	1
5	6	1
5	7	1
4	7	1
14
2	8	0
3	7	0
3	1	1
4	2	1
4	5	0
5	1	2
5	1	1
5	4	0
6	1	2
6	1	1
6	3	0
7	1	2
7	1	1
7	1	0

3
8
0	1	1
1	2	1
2	3	1
3	4	1
4	5	1
5	6	1
4	7	1
3	7	1
14
2	8	0
3	7	0
3	1	1
4	6	0
4	2	1
5	2	1
5	1	2
5	4	0
6	2	2
6	2	0
6	1	1
7	1	3
7	1	2
7	1	0

4
9
0	1	1
1	2	1
2	3	1
3	4	1
4	5	1
5	6	1
6	7	1
4	7	1
5	7	1
15
2	9	0
3	2	1
3	7	0
4	1	2
4	6	0
4	1	1
5	1	3
5	5	0
5	1	1
6	1	3
6	4	0
6	1	1
7	1	4
7	2	0
7	1	1

5
7
0	1	1
1	2	1
2	3	1
3	4	1
4	5	1
5	6	1
5	7	1
10
2	7	0
3	7	0
4	1	3
4	5	0
5	1	4
5	4	0
6	1	4
6	3	0
7	1	5
7	2	0

6
10
0	1	1
1	2	1
2	3	1
3	4	1
4	5	1
5	6	1
4	6	1
6	7	1
3	7	1
4	7	1
21
2	10	0
3	9	0
3	3	1
4	2	2
4	7	0
4	3	1
5	1	5
5	6	0
5	1	3
5	1	2
5	2	1
6	1	5
6	4	0
6	1	3
6	1	2
6	2	1
7	1	6
7	1	0
7	1	4
7	1	2
7	1	1

7
9
0	1	1
1	2	1
2	3	1
3	4	1
4	5	1
5	6	1
4	6	1
5	7	1
4	7	1
18
2	9	0
3	8	0
3	2	1
4	1	2
4	1	3
4	2	1
4	5	0
5	1	6
5	1	4
5	2	1
5	4	0
6	1	6
6	1	4
6	2	1
6	3	0
7	1	7
7	1	5
7	2	1

8
9
0	1	1
1	2	1
2	3	1
3	4	1
4	5	1
5	6	1
4	6	1
4	7	1
3	7	1
16
2	9	0
3	8	0
3	2	1
4	5	1
4	5	0
5	1	7
5	2	2
5	2	1
5	4	0
6	1	7
6	2	2
6	2	1
6	2	0
7	1	8
7	2	2
7	1	1

9
9
0	1	1
1	2	1
2	3	1
3	4	1
4	5	1
5	6	1
4	6	1
3	7	1
2	7	1
15
2	9	0
3	2	1
3	7	0
4	7	0
4	3	1
5	5	1
5	1	2
5	3	0
6	1	8
6	3	2
6	1	1
6	2	0
7	1	9
7	2	3
7	1	1

10
9
0	1	1
1	2	1
2	3	1
3	4	1
4	5	1
5	6	1
4	6	1
2	7	1
1	7	1
14
2	9	0
3	2	1
3	7	0
4	3	1
4	5	0
5	5	0
5	2	1
5	1	2
6	4	1
6	1	2
6	2	0
7	1	10
7	2	2
7	1	1

11
9
0	1	1
1	2	1
2	3	1
3	4	1
4	5	1
5	6	1
4	6	1
1	7	1
0	7	1
10
2	9	0
3	2	1
3	6	0
4	2	1
4	5	0
5	2	1
5	4	0
6	4	0
6	2	1
7	4	1

12
8
0	1	1
1	2	1
2	3	1
3	4	1
4	5	1
4	6	1
3	6	1
6	7	1
14
2	8	0
3	8	0
3	1	1
4	6	0
4	3	1
5	3	2
5	4	0
5	1	1
6	1	9
6	2	2
6	2	0
6	1	1
7	1	11
7	2	2

13
10
0	1	1
1	2	1
2	3	1
3	4	1
4	5	1
4	6	1
3	6	1
6	7	1
2	7	1
3	7	1
21
2	10	0
3	10	0
3	3	1
4	9	0
4	2	2
4	4	1
5	2	3
5	6	0
5	1	5
5	3	1
5	2	2
6	2	5
6	3	0
6	3	2
6	1	3
6	1	1
7	1	12
7	1	0
7	1	6
7	1	3
7	1	2

14
9
0	1	1
1	2	1
2	3	1
3	4	1
4	5	1
4	6	1
3	6	1
4	7	1
3	7	1
21
2	9	0
3	10	0
3	2	1
4	2	3
4	1	2
4	4	1
4	5	0
5	2	6
5	2	2
5	1	4
5	2	1
5	4	0
6	1	10
6	1	6
6	2	2
6	1	4
6	2	1
6	1	0
7	1	13
7	1	7
7	2	2

15
9
0	1	1
1	2	1
2	3	1
3	4	1
4	5	1
4	6	1
3	6	1
3	7	1
2	7	1
17
2	9	0
3	9	0
3	2	1
4	6	1
4	6	0
5	4	2
5	1	7
5	3	1
5	3	0
6	2	7
6	4	2
6	1	1
6	1	0
7	1	14
7	1	8
7	1	3
7	1	2

16
9
0	1	1
1	2	1
2	3	1
3	4	1
4	5	1
4	6	1
3	6	1
2	7	1
1	7	1
14
2	9	0
3	8	0
3	2	1
4	4	1
4	6	0
5	4	1
5	4	0
5	2	2
6	4	2
6	1	8
6	2	1
6	1	0
7	2	9
7	2	2

17
8
0	1	1
1	2	1
2	3	1
3	4	1
4	5	1
3	6	1
2	6	1
6	7	1
13
2	8	0
3	8	0
3	1	1
4	7	0
4	3	1
5	4	0
5	3	2
5	2	1
6	4	2
6	1	9
6	1	0
7	2	11
7	1	3

18
9
0	1	1
1	2	1
2	3	1
3	4	1
4	5	1
3	6	1
2	6	1
3	7	1
2	7	1
18
2	9	0
3	10	0
3	2	1
4	2	3
4	7	0
4	1	2
4	4	1
5	2	4
5	2	6
5	4	1
5	2	2
5	2	0
6	2	6
6	1	10
6	4	2
6	1	0
7	2	13
7	2	3

19
9
0	1	1
1	2	1
2	3	1
3	4	1
4	5	1
5	6	1
5	7	1
3	7	1
4	7	1
16
2	9	0
3	8	0
3	2	1
4	2	1
4	7	0
4	1	2
5	2	3
5	6	0
5	1	1
6	1	11
6	4	0
6	1	3
6	1	1
7	1	15
7	2	0
7	1	4

20
7
0	1	1
1	2	1
2	3	1
3	4	1
4	5	1
5	6	1
4	7	1
12
2	7	0
3	7	0
4	6	0
4	1	3
5	2	4
5	4	0
6	1	12
6	1	4
6	3	0
7	1	16
7	1	5
7	1	0

21
9
0	1	1
1	2	1
2	3	1
3	4	1
4	5	1
5	6	1
3	6	1
4	6	1
6	7	1
23
2	9	0
3	9	0
3	2	1
4	3	1
4	1	3
4	1	2
4	6	0
5	1	6
5	1	4
5	1	2
5	1	3
5	5	0
5	1	1
6	1	13
6	1	4
6	1	2
6	1	3
6	3	0
6	1	1
7	1	17
7	1	5
7	1	2
7	1	4

22
11
0	1	1
1	2	1
2	3	1
3	4	1
4	5	1
5	6	1
3	6	1
4	6	1
6	7	1
2	7	1
3	7	1
24
2	11	0
3	11	0
3	4	1
4	5	1
4	3	2
4	10	0
5	2	5
5	4	1
5	3	3
5	7	0
5	1	2
6	1	14
6	2	1
6	1	11
6	1	5
6	2	2
6	2	3
6	4	0
7	1	18
7	1	1
7	1	15
7	1	6
7	1	3
7	1	4

23
10
0	1	1
1	2	1
2	3	1
3	4	1
4	5	1
5	6	1
3	6	1
4	6	1
4	7	1
3	7	1
27
2	10	0
3	10	0
3	3	1
4	4	1
4	7	0
4	2	2
4	1	3
5	1	5
5	2	4
5	1	6
5	1	2
5	1	3
5	5	0
5	2	1
6	1	15
6	1	12
6	1	6
6	1	2
6	1	3
6	1	4
6	2	0
6	2	1
7	1	19
7	1	16
7	1	7
7	1	2
7	1	4

24
10
0	1	1
1	2	1
2	3	1
3	4	1
4	5	1
5	6	1
3	6	1
4	6	1
3	7	1
2	7	1
21
2	10	0
3	3	1
3	9	0
4	8	0
4	5	1
4	1	2
5	2	3
5	4	1
5	1	7
5	2	2
5	4	0
6	1	16
6	4	2
6	1	7
6	1	3
6	2	0
6	1	1
7	1	20
7	2	3
7	1	8
7	1	4

25
10
0	1	1
1	2	1
2	3	1
3	4	1
4	5	1
5	6	1
3	6	1
4	6	1
2	7	1
1	7	1
19
2	10	0
3	3	1
3	8	0
4	1	2
4	7	0
4	3	1
5	6	0
5	4	1
5	1	3
5	1	2
6	2	3
6	3	1
6	1	8
6	2	2
6	2	0
7	1	21
7	2	2
7	1	9
7	1	4

26
10
0	1	1
1	2	1
2	3	1
3	4	1
4	5	1
5	6	1
3	6	1
4	6	1
1	7	1
0	7	1
15
2	10	0
3	3	1
3	7	0
4	1	2
4	6	0
4	2	1
5	1	3
5	6	0
5	2	1
6	4	0
6	4	1
6	1	3
7	2	4
7	2	1
7	1	10

27
8
0	1	1
1	2	1
2	3	1
3	4	1
4	5	1
4	6	1
3	7	1
2	7	1
17
2	8	0
3	8	0
3	1	1
4	7	0
4	1	3
4	2	1
5	2	4
5	3	1
5	1	2
5	3	0
6	1	17
6	3	2
6	1	4
6	2	0
7	1	22
7	2	3
7	1	5

28
8
0	1	1
1	2	1
2	3	1
3	4	1
4	5	1
4	6	1
2	7	1
1	7	1
17
2	8	0
3	8	0
3	1	1
4	1	3
4	5	0
4	2	1
5	5	0
5	1	4
5	1	1
5	1	2
6	2	4
6	2	1
6	1	2
6	2	0
7	1	23
7	2	2
7	1	5

29
8
0	1	1
1	2	1
2	3	1
3	4	1
4	5	1
4	6	1
1	7	1
0	7	1
14
2	8	0
3	7	0
3	1	1
4	1	3
4	5	0
4	1	1
5	1	4
5	4	0
5	1	1
6	4	0
6	1	4
6	1	1
7	2	5
7	2	1

30
10
0	1	1
1	2	1
2	3	1
3	4	1
4	5	1
3	5	1
5	6	1
5	7	1
2	7	1
3	7	1
27
2	10	0
3	11	0
3	3	1
4	1	3
4	5	1
4	2	2
4	8	0
5	1	6
5	1	4
5	2	3
5	1	5
5	2	2
5	6	0
5	2	1
6	1	15
6	1	4
6	1	11
6	1	5
6	2	2
6	3	0
6	1	3
6	1	1
7	1	24
7	1	5
7	1	15
7	1	6
7	1	2

31
9
0	1	1
1	2	1
2	3	1
3	4	1
4	5	1
3	5	1
5	6	1
4	7	1
3	7	1
24
2	9	0
3	9	0
3	2	1
4	7	0
4	1	2
4	3	1
4	1	3
5	1	3
5	2	4
5	1	6
5	1	2
5	4	0
5	2	1
6	1	13
6	1	12
6	1	6
6	1	2
6	1	4
6	1	0
6	2	1
7	1	25
7	1	16
7	1	7
7	1	2

32
11
0	1	1
1	2	1
2	3	1
3	4	1
4	5	1
3	5	1
5	6	1
6	7	1
5	7	1
2	7	1
3	7	1
22
2	11	0
3	4	1
3	12	0
4	7	1
4	3	2
4	9	0
5	3	5
5	5	2
5	3	1
5	6	0
5	1	3
6	1	18
6	4	2
6	2	5
6	1	9
6	2	1
6	2	0
6	1	3
7	1	26
7	2	2
7	2	6
7	1	11

33
10
0	1	1
1	2	1
2	3	1
3	4	1
4	5	1
3	5	1
5	6	1
2	6	1
3	6	1
6	7	1
29
2	10	0
3	11	0
3	3	1
4	9	0
4	5	1
4	2	2
4	1	3
5	2	3
5	2	4
5	1	6
5	3	2
5	1	5
5	5	0
5	2	1
6	1	15
6	1	12
6	1	13
6	1	9
6	1	5
6	1	4
6	1	0
6	2	2
6	1	3
6	1	1
7	1	27
7	1	16
7	1	17
7	1	11
7	1	6

34
12
0	1	1
1	2	1
2	3	1
3	4	1
4	5	1
3	5	1
5	6	1
2	6	1
3	6	1
6	7	1
1	7	1
2	7	1
26
2	12	0
3	13	0
3	5	1
4	13	0
4	7	1
4	4	2
5	5	3
5	7	1
5	3	5
5	8	0
5	2	2
6	2	14
6	3	3
6	3	5
6	1	8
6	3	0
6	2	1
6	1	11
6	3	2
7	1	28
7	1	4
7	1	15
7	1	18
7	1	12
7	1	9
7	1	6

35
11
0	1	1
1	2	1
2	3	1
3	4	1
4	5	1
3	5	1
5	6	1
2	6	1
3	6	1
4	7	1
3	7	1
31
2	11	0
3	12	0
3	4	1
4	8	0
4	7	1
4	3	2
4	1	3
5	2	5
5	6	0
5	2	6
5	1	7
5	2	2
5	1	4
5	1	3
5	3	1
6	1	19
6	2	0
6	1	13
6	1	7
6	1	6
6	1	5
6	2	2
6	1	4
6	1	3
6	2	1
7	1	29
7	1	0
7	1	17
7	1	8
7	1	7
7	1	6

36
11
0	1	1
1	2	1
2	3	1
3	4	1
4	5	1
3	5	1
5	6	1
2	6	1
3	6	1
3	7	1
2	7	1
33
2	11	0
3	13	0
3	4	1
4	8	1
4	2	3
4	3	2
4	8	0
5	3	6
5	5	0
5	2	5
5	1	7
5	2	4
5	3	2
5	1	3
5	3	1
6	1	19
6	1	4
6	1	15
6	1	10
6	1	7
6	1	5
6	1	12
6	1	0
6	1	6
6	3	2
6	1	3
6	1	1
7	1	30
7	1	16
7	1	19
7	1	13
7	1	8
7	1	6

37
11
0	1	1
1	2	1
2	3	1
3	4	1
4	5	1
3	5	1
5	6	1
2	6	1
3	6	1
2	7	1
1	7	1
26
2	11	0
3	11	0
3	4	1
4	2	2
4	9	0
4	7	1
5	5	0
5	2	3
5	4	2
5	6	1
5	1	5
5	1	7
6	2	5
6	2	1
6	1	16
6	2	7
6	1	8
6	4	2
6	1	0
6	1	3
7	1	31
7	1	2
7	1	20
7	1	14
7	1	9
7	1	6

38
11
0	1	1
1	2	1
2	3	1
3	4	1
4	5	1
3	5	1
5	6	1
2	6	1
3	6	1
1	7	1
0	7	1
22
2	11	0
3	9	0
3	4	1
4	2	2
4	8	0
4	4	1
5	1	5
5	7	0
5	5	1
5	1	3
5	1	2
6	2	0
6	2	3
6	2	2
6	5	1
6	1	5
6	1	8
7	2	6
7	1	1
7	1	21
7	1	9
7	1	10

39
10
0	1	1
1	2	1
2	3	1
3	4	1
4	5	1
3	5	1
4	6	1
3	6	1
2	7	1
1	7	1
22
2	10	0
3	9	0
3	3	1
4	1	2
4	7	0
4	1	3
4	4	1
5	2	4
5	7	1
5	1	6
5	1	2
5	3	0
6	2	6
6	1	17
6	2	8
6	3	2
6	1	4
6	2	1
7	1	32
7	1	22
7	2	9
7	1	7

40
10
0	1	1
1	2	1
2	3	1
3	4	1
4	5	1
3	5	1
4	6	1
3	6	1
1	7	1
0	7	1
17
2	10	0
3	8	0
3	3	1
4	1	2
4	1	3
4	3	1
4	5	0
5	1	6
5	6	0
5	1	4
5	3	1
6	2	4
6	7	1
6	1	6
7	2	7
7	1	23
7	2	10

41
11
0	1	1
1	2	1
2	3	1
3	4	1
4	5	1
3	5	1
3	6	1
2	6	1
6	7	1
2	7	1
1	7	1
24
2	11	0
3	11	0
3	4	1
4	10	0
4	7	1
4	2	2
5	6	1
5	3	3
5	1	7
5	5	0
5	1	5
5	3	2
6	1	16
6	2	1
6	3	5
6	1	8
6	1	7
6	2	0
6	4	2
7	1	31
7	1	1
7	2	12
7	1	9
7	1	8

42
9
0	1	1
1	2	1
2	3	1
3	4	1
4	5	1
3	5	1
3	6	1
2	6	1
6	7	1
16
2	9	0
3	9	0
3	2	1
4	7	0
4	6	1
5	3	1
5	5	2
5	1	7
5	3	0
6	2	7
6	2	9
6	3	2
6	1	1
7	1	33
7	2	11
7	1	8

43
10
0	1	1
1	2	1
2	3	1
3	4	1
4	5	1
3	5	1
3	6	1
2	6	1
2	7	1
1	7	1
17
2	10	0
3	10	0
3	3	1
4	9	1
4	6	0
5	6	2
5	5	1
5	2	7
5	2	0
6	5	7
6	1	8
6	4	2
6	1	1
7	1	34
7	2	14
7	1	9
7	1	8

44
10
0	1	1
1	2	1
2	3	1
3	4	1
4	5	1
3	5	1
3	6	1
2	6	1
1	7	1
0	7	1
16
2	10	0
3	8	0
3	3	1
4	6	1
4	6	0
5	1	7
5	5	1
5	4	0
5	2	2
6	4	2
6	4	1
6	1	7
6	1	8
7	2	8
7	2	9
7	1	10

45
9
0	1	1
1	2	1
2	3	1
3	4	1
4	5	1
3	5	1
2	6	1
1	6	1
6	7	1
14
2	9	0
3	2	1
3	8	0
4	7	0
4	4	1
5	4	0
5	4	1
5	3	2
6	2	1
6	4	2
6	1	8
6	1	9
7	2	9
7	2	11

46
10
0	1	1
1	2	1
2	3	1
3	4	1
4	5	1
3	5	1
2	6	1
1	6	1
2	7	1
1	7	1
21
2	10	0
3	3	1
3	10	0
4	2	3
4	7	0
4	5	1
4	1	2
5	2	4
5	7	1
5	2	6
5	2	2
5	2	0
6	1	17
6	2	6
6	2	8
6	1	10
6	4	2
6	1	1
7	1	32
7	2	13
7	2	9

47
10
0	1	1
1	2	1
2	3	1
3	4	1
3	5	1
2	5	1
5	6	1
5	7	1
1	7	1
2	7	1
28
2	10	0
3	12	0
3	3	1
4	1	3
4	10	0
4	6	1
4	2	2
5	2	4
5	1	6
5	3	3
5	4	2
5	5	0
5	1	5
5	2	1
6	1	13
6	1	12
6	1	15
6	2	5
6	1	9
6	1	4
6	1	0
6	1	11
6	3	2
7	1	27
7	1	16
7	1	24
7	1	12
7	1	11

48
9
0	1	1
1	2	1
2	3	1
3	4	1
3	5	1
2	5	1
5	6	1
3	7	1
2	7	1
23
2	9	0
3	11	0
3	2	1
4	8	0
4	2	3
4	1	2
4	5	1
5	3	4
5	1	3
5	2	6
5	4	2
5	2	0
5	2	1
6	2	13
6	1	10
6	1	9
6	1	12
6	1	6
6	3	2
7	1	35
7	1	25
7	1	13
7	1	11

49
9
0	1	1
1	2	1
2	3	1
3	4	1
3	5	1
2	5	1
5	6	1
2	7	1
1	7	1
15
2	9	0
3	10	0
3	2	1
4	7	0
4	7	1
5	7	2
5	3	1
5	1	7
5	2	0
6	2	9
6	3	7
6	4	2
7	1	33
7	2	14
7	1	11

50
11
0	1	1
1	2	1
2	3	1
3	4	1
3	5	1
2	5	1
5	6	1
6	7	1
5	7	1
1	7	1
2	7	1
20
2	11	0
3	4	1
3	13	0
4	8	1
4	11	0
4	3	2
5	4	1
5	3	5
5	5	0
5	2	3
5	7	2
6	4	5
6	6	2
6	1	18
6	2	9
6	1	0
7	2	26
7	1	3
7	2	11
7	1	12

51
11
0	1	1
1	2	1
2	3	1
3	4	1
3	5	1
2	5	1
5	6	1
1	6	1
2	6	1
3	7	1
2	7	1
31
2	11	0
3	14	0
3	4	1
4	9	0
4	2	3
4	9	1
4	3	2
5	2	4
5	2	5
5	5	2
5	3	6
5	2	3
5	4	0
5	1	7
5	3	1
6	1	15
6	1	4
6	1	19
6	2	7
6	1	10
6	2	5
6	2	0
6	1	13
6	1	6
6	3	2
7	1	30
7	1	5
7	1	29
7	1	14
7	1	13
7	1	12

52
9
0	1	1
1	2	1
2	3	1
3	4	1
4	5	1
5	6	1
4	7	1
2	7	1
3	7	1
14
2	9	0
3	8	0
3	2	1
4	8	0
4	2	1
4	1	2
5	2	1
5	6	0
5	2	3
6	2	3
6	4	0
6	1	11
7	2	15
7	2	0

53
7
0	1	1
1	2	1
2	3	1
3	4	1
4	5	1
5	6	1
3	7	1
11
2	7	0
3	7	0
4	6	0
4	1	3
5	5	0
5	2	4
6	2	4
6	1	12
6	2	0
7	2	16
7	1	0

54
10
0	1	1
1	2	1
2	3	1
3	4	1
4	5	1
5	6	1
4	6	1
4	7	1
2	7	1
3	7	1
18
2	10	0
3	9	0
3	3	1
4	5	1
4	8	0
4	1	2
5	1	7
5	3	1
5	3	3
5	6	0
6	1	16
6	2	1
6	2	11
6	4	0
6	1	3
7	1	36
7	2	1
7	2	15

55
8
0	1	1
1	2	1
2	3	1
3	4	1
4	5	1
5	6	1
4	6	1
3	7	1
17
2	8	0
3	1	1
3	7	0
4	7	0
4	1	1
4	1	3
5	2	1
5	3	4
5	4	0
6	1	17
6	2	12
6	1	1
6	1	4
6	2	0
7	1	37
7	2	16
7	1	1

56
7
0	1	1
1	2	1
2	3	1
3	4	1
4	5	1
4	6	1
3	7	1
13
2	7	0
3	8	0
4	7	0
4	2	3
5	5	4
5	4	0
6	1	20
6	2	12
6	2	4
6	2	0
7	1	38
7	2	16
7	1	5

57
9
0	1	1
1	2	1
2	3	1
3	4	1
4	5	1
4	6	1
2	6	1
3	6	1
6	7	1
24
2	9	0
3	10	0
3	2	1
4	8	0
4	4	1
4	1	3
4	1	2
5	2	2
5	2	4
5	1	6
5	2	3
5	5	0
5	1	1
6	2	13
6	1	12
6	1	11
6	1	4
6	2	0
6	1	2
6	1	3
7	1	39
7	1	16
7	1	17
7	1	15

58
11
0	1	1
1	2	1
2	3	1
3	4	1
4	5	1
4	6	1
2	6	1
3	6	1
6	7	1
1	7	1
2	7	1
21
2	11	0
3	12	0
3	4	1
4	11	0
4	6	1
4	3	2
5	2	2
5	4	1
5	2	5
5	8	0
5	4	3
6	2	5
6	2	2
6	2	3
6	1	14
6	2	1
6	2	11
6	3	0
7	2	18
7	2	2
7	2	15

59
10
0	1	1
1	2	1
2	3	1
3	4	1
4	5	1
4	6	1
2	6	1
3	6	1
3	7	1
2	7	1
28
2	10	0
3	11	0
3	3	1
4	5	1
4	9	0
4	2	2
4	1	3
5	2	2
5	5	0
5	1	5
5	3	1
5	2	3
5	2	4
5	1	6
6	1	5
6	1	4
6	1	15
6	2	2
6	1	11
6	1	12
6	2	0
6	1	6
6	1	3
7	1	24
7	1	16
7	1	19
7	1	3
7	1	15

60
10
0	1	1
1	2	1
2	3	1
3	4	1
4	5	1
4	6	1
2	6	1
3	6	1
2	7	1
1	7	1
22
2	10	0
3	10	0
3	3	1
4	6	1
4	8	0
4	1	2
5	6	0
5	3	3
5	3	1
5	1	7
5	2	2
6	2	11
6	2	1
6	1	16
6	2	2
6	2	0
6	1	7
6	1	3
7	1	36
7	2	2
7	1	20
7	1	15

61
10
0	1	1
1	2	1
2	3	1
3	4	1
4	5	1
4	6	1
2	6	1
3	6	1
1	7	1
0	7	1
17
2	10	0
3	8	0
3	3	1
4	3	1
4	8	0
4	1	2
5	2	3
5	6	0
5	4	1
6	4	0
6	2	3
6	1	11
6	2	1
6	1	8
7	2	15
7	2	1
7	1	21

62
9
0	1	1
1	2	1
2	3	1
3	4	1
4	5	1
3	6	1
2	6	1
6	7	1
3	7	1
24
2	9	0
3	2	1
3	9	0
4	3	1
4	8	0
4	1	2
4	1	3
5	3	1
5	1	6
5	2	4
5	1	3
5	1	2
5	4	0
6	1	6
6	1	13
6	1	12
6	2	2
6	1	3
6	1	4
6	1	0
7	1	25
7	1	17
7	1	16
7	1	3

63
7
0	1	1
1	2	1
2	3	1
3	4	1
4	5	1
3	6	1
6	7	1
11
2	7	0
3	7	0
4	7	0
4	1	3
5	5	0
5	3	4
6	3	12
6	2	0
6	1	4
7	1	40
7	2	16

64
8
0	1	1
1	2	1
2	3	1
3	4	1
4	5	1
3	6	1
2	7	1
1	7	1
20
2	8	0
3	8	0
3	1	1
4	7	0
4	1	3
4	2	1
5	3	4
5	4	0
5	2	1
5	1	2
6	2	12
6	1	17
6	1	1
6	2	2
6	1	4
6	1	0
7	1	37
7	1	22
7	1	2
7	1	16

65
8
0	1	1
1	2	1
2	3	1
3	4	1
4	5	1
3	6	1
1	7	1
0	7	1
16
2	8	0
3	7	0
3	1	1
4	6	0
4	1	3
4	1	1
5	2	4
5	5	0
5	1	1
6	2	4
6	2	0
6	1	12
6	2	1
7	2	16
7	1	23
7	1	1

66
9
0	1	1
1	2	1
2	3	1
3	4	1
4	5	1
5	6	1
6	7	1
1	7	1
2	7	1
17
2	9	0
3	10	0
3	1	1
4	10	0
4	3	1
5	10	0
5	2	1
5	3	2
6	1	21
6	4	0
6	2	1
6	4	2
6	1	9
7	1	41
7	2	0
7	2	2
7	2	11

67
12
0	1	1
1	2	1
2	3	1
3	4	1
4	5	1
5	6	1
4	6	1
2	6	1
3	6	1
6	7	1
1	7	1
2	7	1
34
2	12	0
3	14	0
3	5	1
4	9	1
4	1	3
4	4	2
4	11	0
5	2	6
5	1	7
5	3	5
5	8	0
5	5	1
5	1	4
5	4	3
5	2	2
6	1	19
6	1	6
6	1	16
6	1	15
6	1	14
6	4	1
6	2	5
6	1	4
6	2	11
6	2	2
6	1	3
6	1	0
7	1	42
7	1	7
7	1	36
7	1	24
7	1	18
7	1	2
7	1	6

68
11
0	1	1
1	2	1
2	3	1
3	4	1
4	5	1
5	6	1
4	6	1
2	6	1
3	6	1
3	7	1
2	7	1
31
2	11	0
3	4	1
3	12	0
4	11	0
4	6	1
4	3	2
4	1	3
5	3	3
5	5	1
5	2	5
5	3	4
5	1	6
5	2	2
5	4	0
6	1	14
6	1	17
6	1	13
6	1	15
6	3	2
6	1	5
6	2	12
6	1	1
6	1	6
6	1	3
6	1	0
7	1	43
7	1	37
7	1	25
7	1	19
7	1	3
7	1	6

69
12
0	1	1
1	2	1
2	3	1
3	4	1
4	5	1
2	5	1
3	5	1
5	6	1
6	7	1
5	7	1
1	7	1
2	7	1
35
2	12	0
3	5	1
3	15	0
4	11	1
4	4	2
4	1	3
4	11	0
5	1	7
5	2	6
5	4	5
5	6	0
5	6	2
5	4	1
5	3	3
5	1	4
6	1	19
6	1	7
6	1	15
6	1	18
6	5	2
6	1	14
6	1	13
6	1	1
6	2	5
6	1	11
6	1	4
6	1	9
6	1	3
7	1	44
7	1	8
7	1	24
7	1	26
7	1	11
7	1	18
7	1	17

70
10
0	1	1
1	2	1
2	3	1
3	4	1
4	5	1
2	5	1
3	5	1
5	6	1
3	7	1
2	7	1
27
2	10	0
3	12	0
3	3	1
4	9	0
4	6	1
4	2	3
4	2	2
5	3	2
5	5	4
5	2	3
5	1	5
5	2	6
5	3	0
5	2	1
6	2	15
6	1	20
6	2	13
6	2	12
6	1	4
6	1	6
6	2	2
6	1	3
7	1	45
7	1	38
7	1	25
7	1	19
7	1	17

71
9
0	1	1
1	2	1
2	3	1
3	4	1
4	5	1
2	5	1
3	5	1
5	6	1
3	7	1
22
2	9	0
3	11	0
3	2	1
4	7	0
4	5	1
4	2	3
4	1	2
5	4	2
5	2	6
5	2	4
5	1	3
5	4	0
5	1	1
6	1	10
6	1	9
6	2	13
6	2	4
6	2	2
6	1	3
7	1	35
7	1	11
7	2	17

72
10
0	1	1
1	2	1
2	3	1
3	4	1
4	5	1
2	5	1
3	5	1
5	6	1
2	7	1
1	7	1
26
2	10	0
3	11	0
3	3	1
4	7	1
4	8	0
4	1	3
4	1	2
5	2	4
5	4	2
5	2	3
5	1	6
5	4	1
5	1	7
5	3	0
6	2	13
6	1	17
6	2	7
6	1	16
6	4	2
6	1	4
6	1	3
7	1	46
7	1	22
7	1	14
7	1	20
7	1	17

73
10
0	1	1
1	2	1
2	3	1
3	4	1
4	5	1
2	5	1
3	5	1
5	6	1
1	7	1
0	7	1
23
2	10	0
3	9	0
3	3	1
4	4	1
4	1	3
4	1	2
4	7	0
5	1	6
5	6	0
5	1	4
5	4	1
5	1	2
5	1	3
6	2	4
6	2	2
6	2	3
6	1	13
6	3	1
6	1	8
7	2	17
7	1	23
7	1	9
7	1	21

74
11
0	1	1
1	2	1
2	3	1
3	4	1
4	5	1
2	5	1
3	5	1
5	6	1
1	6	1
2	6	1
6	7	1
31
2	11	0
3	13	0
3	4	1
4	12	0
4	7	1
4	3	2
4	1	3
5	4	1
5	4	2
5	4	3
5	5	0
5	2	5
5	3	4
5	1	6
6	2	5
6	1	17
6	2	13
6	1	15
6	2	2
6	1	14
6	2	12
6	1	1
6	1	11
6	1	9
6	1	3
7	1	43
7	1	37
7	1	39
7	1	27
7	1	11
7	1	18

75
13
0	1	1
1	2	1
2	3	1
3	4	1
4	5	1
2	5	1
3	5	1
5	6	1
1	6	1
2	6	1
6	7	1
0	7	1
1	7	1
23
2	13	0
3	14	0
3	6	1
4	15	0
4	8	1
4	5	2
5	10	1
5	2	2
5	6	3
5	10	0
5	4	5
6	4	5
6	2	8
6	3	14
6	6	3
6	4	1
6	2	2
6	1	0
6	1	11
7	2	28
7	2	6
7	2	21
7	2	18

76
12
0	1	1
1	2	1
2	3	1
3	4	1
4	5	1
2	5	1
3	5	1
5	6	1
1	6	1
2	6	1
3	7	1
2	7	1
36
2	12	0
3	15	0
3	5	1
4	11	0
4	11	1
4	4	2
4	1	3
5	6	2
5	4	5
5	5	0
5	4	1
5	2	6
5	2	4
5	3	3
5	1	7
6	1	18
6	3	2
6	2	13
6	1	19
6	2	7
6	1	15
6	1	14
6	1	0
6	1	1
6	1	12
6	1	11
6	1	6
6	1	5
6	1	3
7	1	44
7	1	2
7	1	39
7	1	29
7	1	14
7	1	19
7	1	18

77
11
0	1	1
1	2	1
2	3	1
3	4	1
4	5	1
2	5	1
3	5	1
5	6	1
1	6	1
2	6	1
3	7	1
31
2	11	0
3	13	0
3	4	1
4	11	0
4	7	1
4	3	2
4	1	3
5	3	2
5	4	3
5	2	4
5	1	6
5	2	5
5	6	0
5	4	1
6	1	15
6	4	2
6	2	5
6	1	17
6	1	13
6	1	14
6	1	0
6	1	1
6	1	11
6	1	4
6	1	3
7	1	43
7	1	2
7	1	12
7	1	22
7	1	17
7	1	18

78
12
0	1	1
1	2	1
2	3	1
3	4	1
4	5	1
2	5	1
3	5	1
5	6	1
1	6	1
2	6	1
2	7	1
1	7	1
35
2	12	0
3	15	0
3	5	1
4	10	1
4	11	0
4	2	3
4	4	2
5	4	2
5	3	6
5	2	4
5	4	3
5	3	5
5	6	0
5	5	1
5	1	7
6	2	15
6	2	1
6	2	5
6	1	19
6	1	6
6	1	16
6	1	14
6	2	4
6	3	2
6	1	11
6	1	10
6	1	7
6	1	3
7	1	42
7	1	23
7	1	24
7	1	30
7	1	13
7	1	20
7	1	18

79
12
0	1	1
1	2	1
2	3	1
3	4	1
4	5	1
2	5	1
3	5	1
5	6	1
1	6	1
2	6	1
1	7	1
0	7	1
27
2	12	0
3	12	0
3	5	1
4	8	1
4	3	2
4	11	0
5	2	5
5	8	0
5	7	1
5	4	3
5	2	2
5	1	7
6	6	1
6	2	11
6	2	5
6	2	2
6	2	3
6	1	14
6	1	16
6	1	7
6	1	8
7	2	18
7	1	10
7	1	36
7	1	31
7	1	8
7	1	21

80
11
0	1	1
1	2	1
2	3	1
3	4	1
4	5	1
2	5	1
3	5	1
3	6	1
2	6	1
6	7	1
3	7	1
27
2	11	0
3	4	1
3	13	0
4	8	1
4	9	0
4	3	2
4	2	3
5	1	7
5	5	0
5	2	5
5	3	6
5	4	4
5	2	3
5	2	2
5	2	1
6	1	19
6	3	12
6	2	15
6	2	13
6	2	3
6	2	2
6	1	6
6	1	4
7	1	47
7	1	40
7	2	19
7	2	17

81
12
0	1	1
1	2	1
2	3	1
3	4	1
4	5	1
2	5	1
3	5	1
3	6	1
2	6	1
6	7	1
2	7	1
1	7	1
35
2	12	0
3	14	0
3	5	1
4	12	0
4	9	1
4	4	2
4	1	3
5	6	1
5	3	5
5	4	3
5	5	0
5	2	6
5	2	4
5	1	7
5	3	2
6	1	14
6	1	1
6	2	6
6	1	19
6	2	5
6	1	16
6	1	15
6	2	0
6	1	13
6	3	2
6	1	12
6	1	7
6	1	3
7	1	42
7	1	1
7	1	25
7	1	29
7	1	12
7	1	20
7	1	19

82
10
0	1	1
1	2	1
2	3	1
3	4	1
4	5	1
2	5	1
3	5	1
3	6	1
2	6	1
6	7	1
27
2	10	0
3	11	0
3	3	1
4	10	0
4	5	1
4	2	2
4	1	3
5	3	1
5	4	0
5	2	3
5	3	2
5	1	5
5	3	4
5	1	6
6	1	5
6	3	12
6	1	13
6	1	9
6	1	15
6	2	2
6	1	6
6	1	3
7	1	27
7	1	40
7	1	25
7	1	11
7	1	19

83
11
0	1	1
1	2	1
2	3	1
3	4	1
4	5	1
2	5	1
3	5	1
3	6	1
2	6	1
1	7	1
0	7	1
27
2	11	0
3	10	0
3	4	1
4	5	1
4	9	0
4	2	2
4	1	3
5	1	5
5	3	4
5	4	0
5	7	1
5	1	6
5	1	2
5	1	3
6	2	12
6	2	6
6	2	2
6	2	3
6	1	15
6	1	17
6	2	1
6	2	8
7	2	19
7	1	37
7	1	32
7	1	9
7	1	21

84
12
0	1	1
1	2	1
2	3	1
3	4	1
4	5	1
2	5	1
3	5	1
2	6	1
1	6	1
6	7	1
1	7	1
0	7	1
26
2	12	0
3	5	1
3	11	0
4	11	0
4	6	1
4	3	2
5	8	0
5	7	1
5	4	3
5	1	7
5	1	5
5	2	2
6	5	3
6	2	16
6	2	0
6	3	1
6	2	5
6	2	2
6	1	8
6	1	7
7	1	48
7	1	4
7	2	6
7	1	31
7	1	21
7	1	20

85
10
0	1	1
1	2	1
2	3	1
3	4	1
4	5	1
2	5	1
3	5	1
2	6	1
1	6	1
6	7	1
19
2	10	0
3	3	1
3	10	0
4	9	0
4	6	1
4	1	2
5	4	0
5	4	1
5	2	3
5	5	2
5	1	7
6	2	3
6	4	2
6	2	7
6	1	16
6	2	9
7	2	20
7	2	11
7	1	33

86
11
0	1	1
1	2	1
2	3	1
3	4	1
4	5	1
2	5	1
3	5	1
2	6	1
1	6	1
1	7	1
0	7	1
21
2	11	0
3	4	1
3	10	0
4	8	0
4	8	1
4	1	2
5	2	3
5	4	2
5	4	0
5	6	1
5	2	7
6	4	2
6	4	7
6	2	3
6	1	16
6	2	1
6	1	8
7	2	20
7	2	8
7	1	34
7	1	21

87
11
0	1	1
1	2	1
2	3	1
3	4	1
4	5	1
2	5	1
3	5	1
1	6	1
0	6	1
6	7	1
0	7	1
15
2	11	0
3	4	1
3	8	0
4	2	2
4	8	0
4	2	1
5	8	0
5	4	1
5	2	3
6	4	0
6	4	1
6	4	3
6	1	8
7	4	4
7	2	21

88
11
0	1	1
1	2	1
2	3	1
3	4	1
4	5	1
2	5	1
3	5	1
1	6	1
0	6	1
1	7	1
0	7	1
22
2	11	0
3	4	1
3	9	0
4	2	2
4	1	3
4	8	0
4	3	1
5	2	4
5	6	0
5	7	1
5	1	3
5	1	6
6	2	4
6	1	17
6	3	3
6	2	6
6	4	1
6	2	8
7	1	49
7	2	7
7	1	32
7	2	21

89
9
0	1	1
1	2	1
2	3	1
3	4	1
4	5	1
2	5	1
3	5	1
0	6	1
0	7	1
18
2	9	0
3	2	1
3	8	0
4	1	2
4	6	0
4	1	1
4	1	3
5	1	3
5	1	4
5	6	0
5	1	1
6	2	4
6	4	0
6	2	1
6	1	3
7	2	5
7	1	23
7	2	4

90
8
0	1	1
1	2	1
2	3	1
3	4	1
3	5	1
2	6	1
1	6	1
6	7	1
16
2	8	0
3	9	0
3	1	1
4	7	0
4	1	3
4	3	1
5	4	0
5	2	4
5	3	2
5	2	1
6	2	4
6	4	2
6	1	17
6	1	9
7	2	22
7	2	11

91
10
0	1	1
1	2	1
2	3	1
3	4	1
3	5	1
2	6	1
1	6	1
6	7	1
0	7	1
1	7	1
25
2	10	0
3	10	0
3	3	1
4	8	0
4	1	3
4	2	2
4	3	1
5	7	0
5	2	4
5	1	3
5	3	1
5	1	5
5	1	2
6	3	4
6	2	3
6	1	17
6	2	0
6	1	5
6	2	1
6	2	2
7	1	49
7	1	5
7	2	6
7	1	23
7	1	22

92
9
0	1	1
1	2	1
2	3	1
3	4	1
3	5	1
2	6	1
1	6	1
2	7	1
1	7	1
21
2	9	0
3	11	0
3	2	1
4	3	3
4	7	0
4	1	2
4	4	1
5	5	4
5	2	6
5	4	1
5	2	2
5	2	0
6	1	20
6	2	6
6	2	17
6	1	10
6	4	2
6	1	4
7	1	50
7	2	13
7	2	22

93
9
0	1	1
1	2	1
2	3	1
3	4	1
3	5	1
2	6	1
1	6	1
1	7	1
0	7	1
19
2	9	0
3	9	0
3	2	1
4	6	0
4	1	3
4	5	1
5	2	4
5	2	2
5	4	0
5	3	1
5	1	7
6	4	2
6	2	4
6	1	17
6	1	7
6	2	1
7	2	22
7	2	8
7	1	23

94
9
0	1	1
1	2	1
2	3	1
3	4	1
3	5	1
1	6	1
0	6	1
1	7	1
0	7	1
17
2	9	0
3	9	0
3	2	1
4	2	3
4	5	0
4	1	2
4	2	1
5	2	4
5	6	0
5	1	6
5	2	1
6	5	4
6	1	6
6	4	1
7	1	51
7	2	7
7	2	23

95
7
0	1	1
1	2	1
2	3	1
3	4	1
3	5	1
0	6	1
0	7	1
9
2	7	0
3	8	0
4	2	3
4	5	0
5	2	4
5	4	0
6	2	4
6	4	0
7	4	5

96
10
0	1	1
1	2	1
2	3	1
3	4	1
2	4	1
4	5	1
5	6	1
4	6	1
3	7	1
2	7	1
26
2	10	0
3	3	1
3	10	0
4	9	0
4	6	1
4	1	2
4	1	3
5	5	1
5	2	3
5	1	7
5	3	4
5	1	6
5	2	2
5	2	0
6	1	16
6	1	17
6	2	13
6	1	7
6	2	12
6	1	1
6	1	6
6	2	2
7	1	46
7	1	37
7	2	25
7	1	8

97
10
0	1	1
1	2	1
2	3	1
3	4	1
2	4	1
4	5	1
4	6	1
1	6	1
2	6	1
6	7	1
28
2	10	0
3	13	0
3	3	1
4	10	0
4	2	3
4	7	1
4	2	2
5	5	4
5	5	2
5	3	3
5	2	6
5	1	5
5	3	0
5	1	1
6	3	13
6	1	20
6	2	15
6	2	12
6	1	4
6	1	11
6	1	9
6	1	5
6	1	2
7	1	45
7	1	38
7	1	39
7	1	27
7	1	24

98
12
0	1	1
1	2	1
2	3	1
3	4	1
2	4	1
4	5	1
4	6	1
1	6	1
2	6	1
6	7	1
0	7	1
1	7	1
32
2	12	0
3	14	0
3	5	1
4	13	0
4	1	3
4	8	1
4	4	2
5	2	4
5	3	2
5	5	3
5	1	6
5	7	1
5	3	5
5	7	0
6	1	13
6	1	17
6	3	5
6	2	14
6	3	2
6	1	15
6	2	4
6	3	3
6	1	1
6	1	11
6	1	8
7	1	43
7	1	17
7	1	49
7	1	18
7	1	28
7	1	9
7	1	24

99
11
0	1	1
1	2	1
2	3	1
3	4	1
2	4	1
4	5	1
4	6	1
1	6	1
2	6	1
3	7	1
2	7	1
32
2	11	0
3	14	0
3	4	1
4	10	0
4	2	3
4	9	1
4	3	2
5	4	4
5	4	2
5	2	5
5	3	3
5	3	6
5	4	0
5	1	7
5	2	1
6	2	15
6	2	12
6	3	13
6	1	19
6	1	0
6	1	4
6	1	11
6	1	7
6	1	6
6	1	5
6	1	2
7	1	47
7	1	16
7	1	39
7	1	29
7	1	25
7	1	24

100
11
0	1	1
1	2	1
2	3	1
3	4	1
2	4	1
4	5	1
4	6	1
1	6	1
2	6	1
2	7	1
1	7	1
27
2	11	0
3	15	0
3	4	1
4	3	3
4	10	1
4	8	0
4	3	2
5	6	2
5	4	6
5	5	0
5	2	4
5	2	5
5	2	1
5	2	3
5	1	7
6	2	10
6	4	4
6	2	5
6	1	19
6	2	7
6	2	15
6	2	2
6	1	11
7	2	30
7	1	51
7	2	24
7	1	14

101
11
0	1	1
1	2	1
2	3	1
3	4	1
2	4	1
4	5	1
4	6	1
1	6	1
2	6	1
1	7	1
0	7	1
29
2	11	0
3	12	0
3	4	1
4	1	3
4	8	1
4	2	2
4	9	0
5	1	6
5	6	0
5	1	4
5	3	3
5	3	2
5	5	1
5	1	5
5	1	7
6	2	4
6	2	11
6	2	5
6	2	2
6	1	15
6	3	1
6	1	16
6	1	7
6	1	8
7	2	24
7	1	23
7	1	36
7	1	31
7	1	9

102
11
0	1	1
1	2	1
2	3	1
3	4	1
2	4	1
4	5	1
3	6	1
2	6	1
6	7	1
2	7	1
1	7	1
27
2	11	0
3	13	0
3	4	1
4	10	0
4	8	1
4	3	2
4	1	3
5	4	0
5	4	1
5	2	5
5	4	2
5	2	3
5	2	6
5	2	4
5	1	7
6	2	5
6	2	0
6	2	6
6	1	19
6	2	7
6	2	13
6	2	2
6	1	12
7	2	29
7	1	0
7	2	25
7	1	14

103
9
0	1	1
1	2	1
2	3	1
3	4	1
2	4	1
4	5	1
3	6	1
2	6	1
6	7	1
21
2	9	0
3	10	0
3	2	1
4	9	0
4	4	1
4	1	2
4	1	3
5	4	0
5	2	3
5	3	4
5	2	2
5	1	6
5	2	1
6	1	11
6	3	12
6	2	13
6	2	2
6	1	6
7	1	39
7	1	40
7	2	25

104
10
0	1	1
1	2	1
2	3	1
3	4	1
2	4	1
4	5	1
3	6	1
2	6	1
1	7	1
0	7	1
24
2	10	0
3	9	0
3	3	1
4	9	0
4	1	2
4	4	1
4	1	3
5	1	3
5	3	4
5	2	0
5	7	1
5	1	6
5	1	2
6	2	12
6	2	6
6	2	2
6	1	13
6	1	17
6	1	1
6	2	8
7	2	25
7	1	37
7	1	32
7	1	9

105
10
0	1	1
1	2	1
2	3	1
3	4	1
2	4	1
4	5	1
5	6	1
6	7	1
0	7	1
1	7	1
17
2	10	0
3	10	0
3	2	1
4	11	0
4	4	1
5	10	0
5	6	1
5	2	2
6	4	1
6	5	0
6	1	21
6	6	2
6	1	8
7	2	41
7	2	1
7	2	3
7	2	9

106
12
0	1	1
1	2	1
2	3	1
3	4	1
2	4	1
4	5	1
5	6	1
6	7	1
4	7	1
5	7	1
1	7	1
2	7	1
34
2	12	0
3	5	1
3	15	0
4	4	2
4	12	0
4	11	1
4	1	3
5	3	3
5	4	5
5	5	1
5	2	6
5	2	4
5	7	2
5	1	7
5	3	0
6	1	14
6	2	13
6	1	19
6	2	7
6	1	15
6	1	18
6	3	2
6	1	6
6	1	12
6	2	5
6	1	0
6	2	9
7	1	44
7	1	25
7	1	29
7	1	33
7	1	27
7	1	26
7	1	3

107
13
0	1	1
1	2	1
2	3	1
3	4	1
2	4	1
4	5	1
5	6	1
4	6	1
1	6	1
2	6	1
6	7	1
0	7	1
1	7	1
38
2	13	0
3	16	0
3	6	1
4	12	1
4	14	0
4	1	3
4	5	2
5	6	2
5	2	6
5	2	4
5	5	3
5	5	5
5	1	7
5	8	1
5	5	0
6	2	15
6	1	7
6	1	19
6	1	13
6	2	14
6	4	2
6	1	18
6	1	6
6	1	12
6	2	3
6	1	16
6	1	1
6	3	5
6	1	9
6	1	8
7	1	44
7	1	19
7	1	20
7	1	42
7	1	27
7	1	28
7	1	9
7	1	26

108
12
0	1	1
1	2	1
2	3	1
3	4	1
2	4	1
4	5	1
5	6	1
4	6	1
1	6	1
2	6	1
2	7	1
1	7	1
34
2	12	0
3	5	1
3	16	0
4	12	1
4	11	0
4	4	2
4	2	3
5	3	3
5	3	4
5	3	6
5	8	2
5	4	5
5	4	1
5	3	0
5	1	7
6	2	15
6	4	2
6	1	14
6	2	13
6	1	19
6	2	7
6	1	18
6	1	17
6	1	4
6	2	5
6	1	10
6	1	9
7	1	44
7	1	22
7	1	43
7	1	35
7	1	30
7	1	14
7	1	26

109
12
0	1	1
1	2	1
2	3	1
3	4	1
2	4	1
4	5	1
5	6	1
4	6	1
1	6	1
2	6	1
1	7	1
0	7	1
24
2	12	0
3	5	1
3	13	0
4	10	1
4	3	2
4	11	0
5	3	5
5	8	1
5	4	0
5	7	2
5	2	3
5	1	7
6	4	2
6	4	5
6	2	9
6	1	18
6	2	8
6	2	1
6	2	7
6	1	16
7	2	26
7	2	9
7	2	31
7	1	33

110
11
0	1	1
1	2	1
2	3	1
3	4	1
2	4	1
4	5	1
1	5	1
2	5	1
5	6	1
3	7	1
2	7	1
32
2	11	0
3	14	0
3	4	1
4	10	0
4	9	1
4	3	2
4	2	3
5	3	0
5	6	2
5	3	1
5	2	5
5	2	3
5	3	4
5	3	6
5	1	7
6	2	5
6	1	4
6	1	10
6	2	7
6	1	19
6	1	15
6	1	0
6	1	12
6	2	9
6	2	13
6	1	6
7	1	30
7	1	16
7	1	35
7	1	33
7	1	29
7	1	27

111
11
0	1	1
1	2	1
2	3	1
3	4	1
2	4	1
4	5	1
1	5	1
2	5	1
5	6	1
2	7	1
1	7	1
31
2	11	0
3	15	0
3	4	1
4	10	0
4	10	1
4	3	3
4	3	2
5	6	2
5	6	4
5	4	6
5	3	3
5	2	0
5	2	5
5	1	7
5	1	1
6	4	13
6	2	12
6	3	15
6	1	19
6	1	20
6	1	4
6	1	10
6	1	9
6	1	7
6	1	5
7	1	47
7	1	38
7	1	45
7	1	35
7	1	30
7	1	27

112
11
0	1	1
1	2	1
2	3	1
3	4	1
2	4	1
4	5	1
1	5	1
2	5	1
5	6	1
1	7	1
0	7	1
30
2	11	0
3	12	0
3	4	1
4	11	0
4	8	1
4	2	2
4	1	3
5	3	3
5	3	4
5	2	0
5	5	2
5	1	6
5	6	1
5	1	5
5	1	7
6	2	12
6	2	13
6	2	9
6	2	5
6	1	15
6	1	17
6	1	1
6	2	7
6	1	16
6	1	8
7	2	27
7	1	37
7	1	46
7	1	33
7	1	31

113
13
0	1	1
1	2	1
2	3	1
3	4	1
2	4	1
4	5	1
1	5	1
2	5	1
5	6	1
0	6	1
1	6	1
3	7	1
2	7	1
37
2	13	0
3	15	0
3	6	1
4	14	0
4	10	1
4	5	2
4	1	3
5	6	0
5	3	2
5	10	1
5	4	5
5	5	3
5	2	4
5	2	6
5	1	7
6	4	5
6	2	1
6	1	15
6	1	16
6	2	6
6	1	19
6	2	14
6	2	0
6	1	2
6	2	3
6	1	17
6	1	13
6	2	8
6	1	7
7	1	42
7	1	6
7	1	4
7	1	43
7	1	31
7	1	32
7	1	29
7	1	28

114
13
0	1	1
1	2	1
2	3	1
3	4	1
2	4	1
4	5	1
1	5	1
2	5	1
5	6	1
0	6	1
1	6	1
2	7	1
1	7	1
32
2	13	0
3	17	0
3	6	1
4	12	0
4	14	1
4	2	3
4	5	2
5	7	2
5	2	4
5	4	6
5	4	3
5	5	0
5	6	1
5	5	5
5	2	7
6	2	13
6	2	2
6	1	18
6	2	15
6	4	7
6	2	19
6	2	14
6	2	4
6	2	3
6	1	10
6	2	5
6	1	8
7	2	44
7	2	17
7	2	30
7	1	34
7	1	28

115
13
0	1	1
1	2	1
2	3	1
3	4	1
2	4	1
4	5	1
1	5	1
2	5	1
3	6	1
2	6	1
6	7	1
2	7	1
1	7	1
31
2	13	0
3	18	0
3	6	1
4	11	0
4	14	1
4	6	2
4	3	3
5	8	0
5	3	7
5	7	6
5	6	5
5	3	4
5	2	3
5	4	2
5	2	1
6	6	19
6	1	21
6	1	12
6	2	4
6	2	0
6	2	15
6	2	13
6	2	5
6	1	10
6	2	7
6	1	6
7	1	52
7	1	53
7	1	47
7	2	30
7	2	29

116
12
0	1	1
1	2	1
2	3	1
3	4	1
2	4	1
4	5	1
1	5	1
2	5	1
3	6	1
2	6	1
1	7	1
0	7	1
31
2	12	0
3	13	0
3	5	1
4	10	0
4	10	1
4	3	2
4	1	3
5	2	5
5	3	0
5	4	2
5	2	4
5	2	3
5	2	6
5	8	1
5	2	7
6	2	0
6	2	13
6	4	7
6	2	6
6	2	5
6	1	19
6	1	1
6	1	17
6	1	16
6	2	8
7	2	29
7	1	1
7	1	46
7	1	34
7	1	32
7	1	31

117
13
0	1	1
1	2	1
2	3	1
3	4	1
2	4	1
4	5	1
1	5	1
2	5	1
2	6	1
1	6	1
6	7	1
1	7	1
0	7	1
30
2	13	0
3	16	0
3	6	1
4	12	0
4	12	1
4	2	3
4	5	2
5	8	1
5	2	4
5	4	6
5	6	0
5	4	5
5	4	3
5	4	2
5	2	7
6	2	6
6	4	1
6	1	14
6	2	15
6	2	16
6	4	5
6	2	19
6	2	4
6	2	7
6	1	10
6	1	8
7	2	42
7	2	7
7	2	30
7	2	31

118
11
0	1	1
1	2	1
2	3	1
3	4	1
2	4	1
3	5	1
2	5	1
1	6	1
0	6	1
1	7	1
0	7	1
16
2	11	0
3	10	0
3	4	1
4	2	2
4	2	3
4	9	0
4	4	1
5	6	4
5	12	1
5	2	6
6	1	20
6	4	17
6	6	6
6	4	8
7	2	50
7	4	32

119
10
0	1	1
1	2	1
2	3	1
3	4	1
2	4	1
2	5	1
1	5	1
5	6	1
6	7	1
5	7	1
13
2	10	0
3	3	1
3	10	0
4	9	1
4	8	0
5	6	1
5	2	7
5	8	2
6	1	8
6	6	7
6	4	9
7	1	34
7	4	33

120
10
0	1	1
1	2	1
2	3	1
2	4	1
1	4	1
4	5	1
5	6	1
4	6	1
2	7	1
1	7	1
22
2	10	0
3	3	1
3	12	0
4	9	0
4	8	1
4	2	3
4	1	2
5	4	1
5	4	4
5	2	3
5	1	7
5	2	6
5	6	2
6	2	17
6	1	16
6	4	13
6	2	7
6	1	10
6	2	9
7	2	46
7	2	35
7	1	33

121
9
0	1	1
1	2	1
2	3	1
2	4	1
1	4	1
4	5	1
2	6	1
1	6	1
6	7	1
19
2	9	0
3	12	0
3	2	1
4	9	0
4	2	3
4	6	1
4	1	2
5	2	0
5	4	4
5	2	3
5	6	2
5	2	6
6	2	12
6	1	11
6	4	13
6	2	9
6	1	10
7	2	39
7	2	35

122
7
0	1	1
1	2	1
2	3	1
3	4	1
4	5	1
3	6	1
2	7	1
12
2	7	0
3	8	0
4	8	0
4	2	3
5	6	4
5	4	0
6	4	12
6	1	20
6	2	4
6	1	0
7	2	38
7	2	16

123
11
0	1	1
1	2	1
2	3	1
3	4	1
4	5	1
5	6	1
3	6	1
4	6	1
3	7	1
1	7	1
2	7	1
19
2	11	0
3	4	1
3	10	0
4	10	0
4	5	1
4	2	2
5	5	3
5	4	1
5	1	7
5	8	0
6	2	16
6	4	3
6	4	0
6	2	1
6	2	11
7	1	48
7	2	4
7	2	15
7	1	36

124
9
0	1	1
1	2	1
2	3	1
3	4	1
4	5	1
5	6	1
3	6	1
4	6	1
2	7	1
21
2	9	0
3	2	1
3	8	0
4	1	2
4	8	0
4	1	1
4	1	3
5	6	0
5	2	1
5	1	3
5	3	4
6	2	3
6	2	4
6	1	17
6	2	12
6	2	0
6	1	1
7	1	49
7	2	16
7	1	37
7	1	4

125
9
0	1	1
1	2	1
2	3	1
3	4	1
4	5	1
4	6	1
3	7	1
1	7	1
2	7	1
19
2	9	0
3	9	0
3	2	1
4	8	0
4	1	3
4	2	1
4	1	2
5	2	4
5	2	1
5	6	0
5	2	3
6	1	17
6	2	4
6	2	3
6	4	0
6	1	11
7	1	49
7	2	5
7	2	15

126
7
0	1	1
1	2	1
2	3	1
3	4	1
4	5	1
4	6	1
2	7	1
12
2	7	0
3	8	0
4	2	3
4	6	0
5	5	0
5	3	4
6	4	4
6	1	12
6	2	0
7	1	51
7	2	16
7	1	5

127
9
0	1	1
1	2	1
2	3	1
3	4	1
4	5	1
3	5	1
5	6	1
3	6	1
2	7	1
21
2	9	0
3	9	0
3	2	1
4	1	2
4	8	0
4	2	1
4	2	3
5	4	1
5	6	4
5	1	6
5	3	0
6	2	6
6	2	17
6	1	20
6	3	12
6	2	1
6	1	4
7	1	50
7	2	37
7	1	38
7	1	7

128
10
0	1	1
1	2	1
2	3	1
3	4	1
4	5	1
3	5	1
3	6	1
1	6	1
2	6	1
6	7	1
25
2	10	0
3	11	0
3	3	1
4	9	0
4	7	1
4	1	3
4	1	2
5	3	1
5	3	2
5	1	7
5	3	4
5	1	6
5	3	3
5	4	0
6	1	7
6	1	17
6	3	13
6	1	16
6	2	12
6	2	1
6	2	11
7	1	46
7	1	37
7	2	39
7	1	36

129
11
0	1	1
1	2	1
2	3	1
3	4	1
4	5	1
3	5	1
3	6	1
1	6	1
2	6	1
1	7	1
0	7	1
15
2	11	0
3	10	0
3	4	1
4	8	1
4	8	0
4	1	2
5	2	7
5	8	0
5	4	1
5	4	3
6	8	1
6	4	11
6	2	16
7	4	36
7	2	10

130
8
0	1	1
1	2	1
2	3	1
3	4	1
4	5	1
3	5	1
2	6	1
6	7	1
14
2	8	0
3	1	1
3	7	0
4	8	0
4	1	1
4	1	3
5	5	0
5	2	1
5	4	4
6	2	1
6	5	12
6	1	17
7	2	37
7	2	40

131
9
0	1	1
1	2	1
2	3	1
3	4	1
4	5	1
3	5	1
2	6	1
1	7	1
0	7	1
14
2	9	0
3	2	1
3	7	0
4	8	0
4	2	1
4	1	3
5	4	1
5	4	4
5	4	0
6	4	12
6	4	1
6	2	17
7	4	37
7	1	10

132
8
0	1	1
1	2	1
2	3	1
3	4	1
4	5	1
5	6	1
6	7	1
2	7	1
14
2	8	0
3	9	0
4	10	0
4	1	3
5	10	0
5	3	4
6	1	21
6	4	0
6	2	4
6	3	12
7	1	53
7	2	0
7	2	16
7	1	40

133
9
0	1	1
1	2	1
2	3	1
3	4	1
3	5	1
5	6	1
6	7	1
0	7	1
1	7	1
23
2	9	0
3	10	0
3	1	1
4	10	0
4	1	3
4	2	1
5	11	0
5	2	4
5	2	1
5	1	2
6	3	4
6	5	0
6	1	21
6	1	12
6	3	1
6	2	2
7	1	53
7	1	5
7	1	1
7	1	41
7	1	2
7	1	23
7	1	16

134
11
0	1	1
1	2	1
2	3	1
3	4	1
3	5	1
5	6	1
3	6	1
1	6	1
2	6	1
2	7	1
1	7	1
25
2	11	0
3	4	1
3	14	0
4	8	1
4	11	0
4	3	2
4	2	3
5	4	3
5	4	2
5	4	4
5	2	6
5	4	1
5	4	0
5	2	5
6	2	13
6	4	2
6	1	14
6	2	5
6	2	17
6	2	15
6	2	4
6	1	11
7	2	43
7	2	22
7	2	24

135
9
0	1	1
1	2	1
2	3	1
3	4	1
3	5	1
2	6	1
1	6	1
6	7	1
2	7	1
24
2	9	0
3	10	0
3	2	1
4	3	1
4	9	0
4	2	3
4	1	2
5	4	1
5	6	4
5	1	6
5	1	3
5	1	2
5	2	0
6	2	17
6	2	6
6	1	20
6	1	13
6	2	12
6	2	2
6	1	4
7	1	50
7	2	25
7	1	38
7	1	22

136
7
0	1	1
1	2	1
2	3	1
3	4	1
3	5	1
2	6	1
6	7	1
11
2	7	0
3	8	0
4	8	0
4	2	3
5	5	0
5	6	4
6	2	4
6	5	12
6	1	20
7	2	38
7	2	40

137
8
0	1	1
1	2	1
2	3	1
3	4	1
3	5	1
2	6	1
1	7	1
0	7	1
17
2	8	0
3	8	0
3	1	1
4	8	0
4	2	3
4	1	1
5	6	4
5	4	0
5	2	1
6	4	12
6	2	4
6	1	20
6	1	17
6	2	1
7	2	38
7	2	37
7	1	23

138
10
0	1	1
1	2	1
2	3	1
3	4	1
4	5	1
3	5	1
5	6	1
6	7	1
0	7	1
1	7	1
15
2	10	0
3	10	0
3	2	1
4	10	0
4	4	1
5	4	1
5	12	0
5	2	2
6	4	2
6	8	1
6	4	0
6	1	21
7	2	41
7	4	2
7	2	10

139
13
0	1	1
1	2	1
2	3	1
3	4	1
4	5	1
3	5	1
5	6	1
3	6	1
1	6	1
2	6	1
6	7	1
0	7	1
1	7	1
31
2	13	0
3	15	0
3	6	1
4	14	0
4	10	1
4	5	2
4	1	3
5	6	3
5	2	4
5	2	6
5	2	2
5	4	5
5	8	1
5	1	7
5	8	0
6	2	15
6	2	16
6	2	6
6	1	19
6	2	5
6	4	1
6	2	14
6	4	3
6	1	12
6	2	2
6	1	11
7	2	42
7	2	19
7	1	48
7	2	18
7	1	10

140
9
0	1	1
1	2	1
2	3	1
3	4	1
4	5	1
5	6	1
5	7	1
0	7	1
1	7	1
24
2	9	0
3	10	0
3	1	1
4	1	3
4	11	0
4	2	1
5	3	4
5	10	0
5	3	1
5	1	2
6	2	4
6	2	12
6	4	0
6	1	21
6	1	17
6	2	1
6	3	2
7	1	53
7	1	16
7	1	37
7	1	22
7	1	3
7	1	41
7	1	0

141
8
0	1	1
1	2	1
2	3	1
3	4	1
4	5	1
5	6	1
6	7	1
0	7	1
6
2	8	0
3	8	0
4	8	0
5	8	0
6	8	0
7	8	0

142
10
0	1	1
1	2	1
2	3	1
3	4	1
4	5	1
5	6	1
6	7	1
5	7	1
0	7	1
1	7	1
19
2	10	0
3	2	1
3	11	0
4	6	1
4	10	0
5	4	1
5	10	0
5	4	2
5	1	7
6	4	1
6	6	2
6	4	0
6	1	21
6	2	7
7	2	41
7	2	2
7	2	8
7	1	14
7	1	0

143
14
0	1	1
1	2	1
2	3	1
3	4	1
4	5	1
5	6	1
0	6	1
1	6	1
6	7	1
3	7	1
4	7	1
5	7	1
1	7	1
2	7	1
33
2	14	0
3	7	1
3	19	0
4	7	2
4	16	1
4	14	0
4	2	3
5	8	5
5	6	6
5	3	7
5	8	0
5	4	3
5	5	2
5	6	1
5	2	4
6	6	19
6	1	21
6	2	5
6	2	13
6	2	7
6	2	6
6	2	0
6	2	14
6	2	15
6	1	16
6	2	1
6	1	18
6	2	2
7	1	52
7	2	29
7	2	42
7	2	44
7	1	41

144
10
0	1	1
1	2	1
2	3	1
3	4	1
4	5	1
5	6	1
0	6	1
1	6	1
6	7	1
0	7	1
30
2	10	0
3	11	0
3	2	1
4	11	0
4	1	3
4	3	1
4	1	2
5	11	0
5	2	4
5	3	1
5	1	6
5	1	3
5	1	2
6	5	0
6	2	4
6	1	12
6	1	21
6	3	1
6	1	6
6	1	13
6	2	2
6	1	3
7	1	53
7	1	1
7	1	7
7	1	25
7	1	17
7	1	4
7	1	0
7	1	41

145
12
0	1	1
1	2	1
2	3	1
3	4	1
4	5	1
5	6	1
3	6	1
4	6	1
1	6	1
2	6	1
2	7	1
1	7	1
35
2	12	0
3	5	1
3	15	0
4	4	2
4	12	0
4	10	1
4	2	3
5	6	1
5	4	2
5	4	3
5	3	0
5	3	5
5	5	4
5	3	6
5	1	7
6	2	5
6	2	6
6	1	16
6	2	15
6	1	14
6	1	1
6	1	19
6	2	17
6	1	20
6	3	13
6	1	7
6	1	2
6	1	0
7	1	42
7	1	50
7	1	46
7	1	45
7	1	43
7	1	2
7	1	29

146
13
0	1	1
1	2	1
2	3	1
3	4	1
4	5	1
3	5	1
1	5	1
2	5	1
5	6	1
0	6	1
1	6	1
2	7	1
1	7	1
35
2	13	0
3	17	0
3	6	1
4	14	1
4	13	0
4	2	3
4	5	2
5	4	4
5	6	2
5	5	3
5	4	6
5	6	1
5	2	7
5	5	5
5	3	0
6	4	13
6	2	7
6	3	15
6	1	18
6	3	2
6	2	14
6	2	19
6	1	12
6	1	6
6	1	17
6	1	16
6	1	1
6	1	5
7	2	44
7	1	25
7	1	46
7	1	47
7	1	8
7	1	43
7	1	42

147
12
0	1	1
1	2	1
2	3	1
3	4	1
4	5	1
3	5	1
1	5	1
2	5	1
5	6	1
0	6	1
1	6	1
2	7	1
33
2	12	0
3	15	0
3	5	1
4	10	1
4	13	0
4	2	3
4	4	2
5	5	4
5	4	2
5	5	3
5	3	6
5	1	7
5	3	5
5	3	0
5	5	1
6	3	13
6	3	15
6	3	12
6	1	19
6	1	2
6	1	6
6	1	16
6	2	5
6	1	9
6	1	17
6	1	14
6	1	1
7	1	47
7	1	25
7	2	27
7	1	43
7	1	37
7	1	42

148
13
0	1	1
1	2	1
2	3	1
3	4	1
1	4	1
2	4	1
4	5	1
5	6	1
4	6	1
0	6	1
1	6	1
2	7	1
1	7	1
26
2	13	0
3	6	1
3	18	0
4	16	1
4	12	0
4	5	2
4	2	3
5	4	1
5	10	2
5	2	7
5	4	3
5	4	4
5	4	6
5	6	5
5	2	0
6	4	7
6	4	13
6	2	14
6	4	2
6	2	18
6	4	15
6	2	19
6	1	20
7	4	44
7	2	14
7	2	45

149
11
0	1	1
1	2	1
2	3	1
3	4	1
1	4	1
2	4	1
4	5	1
1	6	1
0	6	1
6	7	1
0	7	1
26
2	11	0
3	11	0
3	4	1
4	6	1
4	10	0
4	1	3
4	2	2
5	6	0
5	2	4
5	5	1
5	2	2
5	4	3
5	1	6
5	1	7
6	2	4
6	2	2
6	5	3
6	2	13
6	1	17
6	2	16
6	1	7
7	2	17
7	1	49
7	1	20
7	1	48
7	1	46

150
9
0	1	1
1	2	1
2	3	1
3	4	1
1	4	1
2	4	1
4	5	1
0	6	1
0	7	1
22
2	9	0
3	10	0
3	2	1
4	3	1
4	2	3
4	1	2
4	7	0
5	1	6
5	3	4
5	6	0
5	2	1
5	1	2
5	1	3
6	5	4
6	1	17
6	2	2
6	2	3
6	1	13
7	1	51
7	1	22
7	1	49
7	2	17

151
10
0	1	1
1	2	1
2	3	1
3	4	1
1	4	1
2	4	1
2	5	1
1	5	1
0	6	1
0	7	1
27
2	10	0
3	11	0
3	3	1
4	4	1
4	9	0
4	2	2
4	2	3
5	1	5
5	6	4
5	4	0
5	4	1
5	1	6
5	1	2
5	1	3
6	1	20
6	2	4
6	2	12
6	2	17
6	2	6
6	2	2
6	2	3
6	1	15
7	1	38
7	1	50
7	1	22
7	1	49
7	2	19

152
8
0	1	1
1	2	1
2	3	1
3	4	1
3	5	1
5	6	1
6	7	1
1	7	1
14
2	8	0
3	10	0
4	10	0
4	2	3
5	11	0
5	4	4
6	6	4
6	4	0
6	1	21
6	2	12
7	2	53
7	1	0
7	2	16
7	1	51

153
7
0	1	1
1	2	1
2	3	1
3	4	1
3	5	1
2	6	1
1	7	1
11
2	7	0
3	9	0
4	8	0
4	3	3
5	8	4
5	4	0
6	4	12
6	4	4
6	2	20
7	4	38
7	1	51

154
8
0	1	1
1	2	1
2	3	1
3	4	1
4	5	1
4	6	1
6	7	1
1	7	1
12
2	8	0
3	10	0
4	10	0
4	2	3
5	4	4
5	10	0
6	2	12
6	4	4
6	6	0
6	1	21
7	2	53
7	4	5

155
8
0	1	1
1	2	1
2	3	1
3	4	1
4	5	1
5	6	1
1	6	1
6	7	1
14
2	8	0
3	10	0
4	11	0
4	2	3
5	10	0
5	6	4
6	4	0
6	4	4
6	4	12
6	1	21
6	1	20
7	2	53
7	2	16
7	2	38

# Topo. # : Multp.
0	2037
1	924
2	1224
3	1236
4	312
5	450
6	216
7	150
8	204
9	276
10	276
11	102
12	408
13	144
14	54
15	276
16	186
17	420
18	27
19	216
20	876
21	204
22	72
23	108
24	72
25	96
26	72
27	132
28	132
29	96
30	72
31	204
32	36
33	72
34	24
35	72
36	36
37	48
38	48
39	48
40	36
41	24
42	144
43	48
44	48
45	96
46	12
47	48
48	72
49	96
50	24
51	24
52	108
53	456
54	36
55	204
56	96
57	144
58	24
59	72
60	48
61	48
62	204
63	450
64	276
65	204
66	12
67	24
68	36
69	24
70	36
71	36
72	48
73	48
74	24
75	6
76	24
77	24
78	12
79	12
80	18
81	24
82	72
83	24
84	12
85	24
86	12
87	12
88	12
89	36
90	48
91	24
92	6
93	24
94	18
95	21
96	36
97	24
98	12
99	24
100	6
101	12
102	24
103	72
104	48
105	6
106	24
107	12
108	12
109	6
110	24
111	12
112	12
113	12
114	6
115	6
116	12
117	6
118	3
119	12
120	6
121	12
122	102
123	12
124	72
125	24
126	96
127	36
128	24
129	3
130	108
131	24
132	18
133	12
134	6
135	24
136	54
137	24
138	3
139	6
140	12
141	3
142	6
143	6
144	12
145	12
146	12
147	12
148	3
149	12
150	24
151	12
152	6
153	6
154	3
155	6