7
0
6
0	1	1
1	2	1
2	3	1
3	4	1
4	5	1
5	6	1
5
2	6	0
3	5	0
4	4	0
5	3	0
6	2	0

1
7
0	1	1
1	2	1
2	3	1
3	4	1
4	5	1
5	6	1
4	6	1
9
2	7	0
3	1	1
3	5	0
4	1	1
4	4	0
5	1	1
5	3	0
6	1	1
6	2	0

2
7
0	1	1
1	2	1
2	3	1
3	4	1
4	5	1
4	6	1
3	6	1
11
2	7	0
3	6	0
3	1	1
4	2	1
4	4	0
5	1	2
5	1	1
5	3	0
6	1	2
6	1	1
6	1	0

3
7
0	1	1
1	2	1
2	3	1
3	4	1
4	5	1
3	6	1
2	6	1
10
2	7	0
3	6	0
3	1	1
4	5	0
4	2	1
5	2	1
5	1	2
5	2	0
6	2	2
6	1	0

4
8
0	1	1
1	2	1
2	3	1
3	4	1
4	5	1
5	6	1
3	6	1
4	6	1
12
2	8	0
3	2	1
3	6	0
4	1	2
4	5	0
4	1	1
5	1	3
5	4	0
5	1	1
6	1	3
6	2	0
6	1	1

5
6
0	1	1
1	2	1
2	3	1
3	4	1
4	5	1
4	6	1
8
2	6	0
3	6	0
4	1	3
4	4	0
5	1	4
5	3	0
6	1	4
6	2	0

6
9
0	1	1
1	2	1
2	3	1
3	4	1
4	5	1
3	5	1
5	6	1
2	6	1
3	6	1
16
2	9	0
3	8	0
3	3	1
4	2	2
4	6	0
4	3	1
5	1	5
5	4	0
5	1	3
5	1	2
5	2	1
6	1	5
6	1	0
6	1	3
6	1	2
6	1	1

7
8
0	1	1
1	2	1
2	3	1
3	4	1
4	5	1
3	5	1
4	6	1
3	6	1
14
2	8	0
3	7	0
3	2	1
4	1	2
4	1	3
4	2	1
4	4	0
5	1	6
5	1	4
5	2	1
5	3	0
6	1	6
6	1	4
6	2	1

8
8
0	1	1
1	2	1
2	3	1
3	4	1
4	5	1
3	5	1
3	6	1
2	6	1
12
2	8	0
3	7	0
3	2	1
4	5	1
4	4	0
5	1	7
5	2	2
5	2	1
5	2	0
6	1	7
6	2	2
6	1	1

9
8
0	1	1
1	2	1
2	3	1
3	4	1
4	5	1
3	5	1
2	6	1
1	6	1
11
2	8	0
3	2	1
3	6	0
4	5	0
4	3	1
5	4	1
5	1	2
5	2	0
6	1	8
6	2	2
6	1	1

10
8
0	1	1
1	2	1
2	3	1
3	4	1
4	5	1
3	5	1
1	6	1
0	6	1
8
2	8	0
3	2	1
3	5	0
4	2	1
4	4	0
5	4	0
5	2	1
6	4	1

11
7
0	1	1
1	2	1
2	3	1
3	4	1
3	5	1
2	5	1
5	6	1
10
2	7	0
3	7	0
3	1	1
4	5	0
4	3	1
5	3	2
5	2	0
5	1	1
6	1	9
6	2	2

12
9
0	1	1
1	2	1
2	3	1
3	4	1
3	5	1
2	5	1
5	6	1
1	6	1
2	6	1
14
2	9	0
3	9	0
3	3	1
4	7	0
4	2	2
4	4	1
5	2	3
5	3	0
5	1	5
5	2	1
5	2	2
6	2	5
6	1	0
6	2	2

13
8
0	1	1
1	2	1
2	3	1
3	4	1
3	5	1
2	5	1
3	6	1
2	6	1
15
2	8	0
3	9	0
3	2	1
4	2	3
4	1	2
4	4	1
4	4	0
5	2	6
5	2	2
5	1	4
5	2	1
5	1	0
6	1	10
6	1	6
6	2	2

14
8
0	1	1
1	2	1
2	3	1
3	4	1
3	5	1
2	5	1
2	6	1
1	6	1
11
2	8	0
3	8	0
3	2	1
4	6	1
4	4	0
5	4	2
5	1	7
5	2	1
5	1	0
6	2	7
6	2	2

15
8
0	1	1
1	2	1
2	3	1
3	4	1
4	5	1
4	6	1
2	6	1
3	6	1
12
2	8	0
3	7	0
3	2	1
4	2	1
4	6	0
4	1	2
5	2	3
5	4	0
5	1	1
6	1	11
6	2	0
6	1	3

16
6
0	1	1
1	2	1
2	3	1
3	4	1
4	5	1
3	6	1
9
2	6	0
3	6	0
4	5	0
4	1	3
5	2	4
5	3	0
6	1	12
6	1	4
6	1	0

17
8
0	1	1
1	2	1
2	3	1
3	4	1
4	5	1
2	5	1
3	5	1
5	6	1
17
2	8	0
3	8	0
3	2	1
4	3	1
4	1	3
4	1	2
4	5	0
5	1	6
5	1	4
5	1	2
5	1	3
5	3	0
5	1	1
6	1	13
6	1	4
6	1	2
6	1	3

18
10
0	1	1
1	2	1
2	3	1
3	4	1
4	5	1
2	5	1
3	5	1
5	6	1
1	6	1
2	6	1
17
2	10	0
3	10	0
3	4	1
4	5	1
4	3	2
4	8	0
5	2	5
5	3	1
5	3	3
5	4	0
5	1	2
6	1	14
6	1	1
6	1	11
6	1	5
6	1	2
6	1	3

19
9
0	1	1
1	2	1
2	3	1
3	4	1
4	5	1
2	5	1
3	5	1
3	6	1
2	6	1
19
2	9	0
3	9	0
3	3	1
4	4	1
4	6	0
4	2	2
4	1	3
5	1	5
5	2	4
5	1	6
5	1	2
5	1	3
5	2	0
5	2	1
6	1	15
6	1	12
6	1	6
6	1	2
6	1	3

20
9
0	1	1
1	2	1
2	3	1
3	4	1
4	5	1
2	5	1
3	5	1
2	6	1
1	6	1
15
2	9	0
3	3	1
3	8	0
4	6	0
4	5	1
4	1	2
5	2	3
5	3	1
5	1	7
5	2	2
5	2	0
6	1	16
6	2	2
6	1	7
6	1	3

21
9
0	1	1
1	2	1
2	3	1
3	4	1
4	5	1
2	5	1
3	5	1
1	6	1
0	6	1
12
2	9	0
3	3	1
3	6	0
4	1	2
4	6	0
4	2	1
5	4	0
5	4	1
5	1	3
6	2	3
6	2	1
6	1	8

22
7
0	1	1
1	2	1
2	3	1
3	4	1
3	5	1
2	6	1
1	6	1
13
2	7	0
3	7	0
3	1	1
4	5	0
4	1	3
4	2	1
5	2	4
5	2	1
5	1	2
5	2	0
6	1	17
6	2	2
6	1	4

23
7
0	1	1
1	2	1
2	3	1
3	4	1
3	5	1
1	6	1
0	6	1
11
2	7	0
3	6	0
3	1	1
4	1	3
4	4	0
4	1	1
5	4	0
5	1	4
5	1	1
6	2	4
6	2	1

24
9
0	1	1
1	2	1
2	3	1
3	4	1
2	4	1
4	5	1
4	6	1
1	6	1
2	6	1
19
2	9	0
3	10	0
3	3	1
4	1	3
4	5	1
4	2	2
4	6	0
5	1	6
5	1	4
5	2	3
5	1	5
5	2	2
5	3	0
5	1	1
6	1	15
6	1	4
6	1	11
6	1	5
6	1	2

25
8
0	1	1
1	2	1
2	3	1
3	4	1
2	4	1
4	5	1
3	6	1
2	6	1
17
2	8	0
3	8	0
3	2	1
4	6	0
4	1	2
4	3	1
4	1	3
5	1	3
5	2	4
5	1	6
5	1	2
5	1	0
5	2	1
6	1	13
6	1	12
6	1	6
6	1	2

26
10
0	1	1
1	2	1
2	3	1
3	4	1
2	4	1
4	5	1
5	6	1
4	6	1
1	6	1
2	6	1
15
2	10	0
3	4	1
3	11	0
4	7	1
4	3	2
4	7	0
5	3	5
5	5	2
5	2	1
5	2	0
5	1	3
6	1	18
6	2	2
6	2	5
6	1	9

27
9
0	1	1
1	2	1
2	3	1
3	4	1
2	4	1
4	5	1
1	5	1
2	5	1
5	6	1
19
2	9	0
3	10	0
3	3	1
4	7	0
4	5	1
4	2	2
4	1	3
5	2	3
5	2	4
5	1	6
5	3	2
5	1	5
5	1	0
5	1	1
6	1	15
6	1	12
6	1	13
6	1	9
6	1	5

28
11
0	1	1
1	2	1
2	3	1
3	4	1
2	4	1
4	5	1
1	5	1
2	5	1
5	6	1
0	6	1
1	6	1
15
2	11	0
3	11	0
3	5	1
4	10	0
4	6	1
4	4	2
5	4	3
5	6	1
5	3	5
5	3	0
5	1	2
6	2	14
6	2	3
6	2	5
6	1	8

29
10
0	1	1
1	2	1
2	3	1
3	4	1
2	4	1
4	5	1
1	5	1
2	5	1
3	6	1
2	6	1
21
2	10	0
3	11	0
3	4	1
4	6	0
4	7	1
4	3	2
4	1	3
5	2	5
5	2	0
5	2	6
5	1	7
5	2	2
5	1	4
5	1	3
5	2	1
6	1	19
6	1	0
6	1	13
6	1	7
6	1	6
6	1	5

30
10
0	1	1
1	2	1
2	3	1
3	4	1
2	4	1
4	5	1
1	5	1
2	5	1
2	6	1
1	6	1
21
2	10	0
3	12	0
3	4	1
4	8	1
4	2	3
4	3	2
4	5	0
5	3	6
5	2	0
5	2	5
5	1	7
5	1	4
5	3	2
5	1	3
5	1	1
6	1	19
6	1	4
6	1	15
6	1	10
6	1	7
6	1	5

31
10
0	1	1
1	2	1
2	3	1
3	4	1
2	4	1
4	5	1
1	5	1
2	5	1
1	6	1
0	6	1
17
2	10	0
3	9	0
3	4	1
4	2	2
4	7	0
4	6	1
5	2	0
5	2	3
5	2	2
5	5	1
5	1	5
5	1	7
6	2	5
6	1	1
6	1	16
6	1	7
6	1	8

32
9
0	1	1
1	2	1
2	3	1
3	4	1
2	4	1
3	5	1
2	5	1
1	6	1
0	6	1
13
2	9	0
3	7	0
3	3	1
4	1	2
4	6	0
4	1	3
4	3	1
5	2	4
5	7	1
5	1	6
6	2	6
6	1	17
6	2	8

33
8
0	1	1
1	2	1
2	3	1
3	4	1
2	4	1
2	5	1
1	5	1
5	6	1
10
2	8	0
3	8	0
3	2	1
4	5	0
4	6	1
5	2	1
5	5	2
5	1	7
6	2	7
6	2	9

34
9
0	1	1
1	2	1
2	3	1
3	4	1
2	4	1
2	5	1
1	5	1
1	6	1
0	6	1
10
2	9	0
3	8	0
3	3	1
4	8	1
4	4	0
5	4	2
5	4	1
5	2	7
6	4	7
6	1	8

35
8
0	1	1
1	2	1
2	3	1
2	4	1
1	4	1
4	5	1
2	6	1
1	6	1
14
2	8	0
3	10	0
3	2	1
4	5	0
4	2	3
4	1	2
4	5	1
5	2	4
5	1	3
5	2	6
5	4	2
6	2	13
6	1	10
6	1	9

36
9
0	1	1
1	2	1
2	3	1
3	4	1
4	5	1
3	5	1
3	6	1
1	6	1
2	6	1
13
2	9	0
3	8	0
3	3	1
4	5	1
4	6	0
4	1	2
5	1	7
5	2	1
5	3	3
5	4	0
6	1	16
6	2	1
6	2	11

37
7
0	1	1
1	2	1
2	3	1
3	4	1
4	5	1
3	5	1
2	6	1
12
2	7	0
3	1	1
3	6	0
4	6	0
4	1	1
4	1	3
5	2	1
5	3	4
5	2	0
6	1	17
6	2	12
6	1	1

38
6
0	1	1
1	2	1
2	3	1
3	4	1
3	5	1
2	6	1
9
2	6	0
3	7	0
4	6	0
4	2	3
5	5	4
5	2	0
6	1	20
6	2	12
6	1	4

39
8
0	1	1
1	2	1
2	3	1
3	4	1
3	5	1
1	5	1
2	5	1
5	6	1
15
2	8	0
3	9	0
3	2	1
4	6	0
4	4	1
4	1	3
4	1	2
5	2	2
5	2	4
5	1	6
5	2	3
5	2	0
6	2	13
6	1	12
6	1	11

40
6
0	1	1
1	2	1
2	3	1
3	4	1
2	5	1
5	6	1
7
2	6	0
3	6	0
4	6	0
4	1	3
5	3	0
5	3	4
6	3	12

41
8
0	1	1
1	2	1
2	3	1
3	4	1
4	5	1
5	6	1
0	6	1
1	6	1
12
2	8	0
3	8	0
3	1	1
4	8	0
4	2	1
5	8	0
5	2	1
5	1	2
6	1	21
6	2	0
6	2	1
6	2	2

42
11
0	1	1
1	2	1
2	3	1
3	4	1
4	5	1
3	5	1
1	5	1
2	5	1
5	6	1
0	6	1
1	6	1
22
2	11	0
3	12	0
3	5	1
4	8	1
4	1	3
4	4	2
4	8	0
5	2	6
5	1	7
5	3	5
5	2	0
5	4	1
5	1	4
5	3	3
5	1	2
6	1	19
6	1	6
6	1	16
6	1	15
6	1	14
6	1	1
6	1	5

43
10
0	1	1
1	2	1
2	3	1
3	4	1
4	5	1
3	5	1
1	5	1
2	5	1
2	6	1
1	6	1
20
2	10	0
3	4	1
3	11	0
4	8	0
4	6	1
4	3	2
4	1	3
5	3	3
5	3	1
5	2	5
5	2	4
5	1	6
5	2	2
5	1	0
6	1	14
6	1	17
6	1	13
6	1	15
6	1	2
6	1	5

44
11
0	1	1
1	2	1
2	3	1
3	4	1
1	4	1
2	4	1
4	5	1
5	6	1
4	6	1
0	6	1
1	6	1
22
2	11	0
3	5	1
3	13	0
4	10	1
4	4	2
4	1	3
4	7	0
5	1	7
5	2	6
5	4	5
5	1	0
5	4	2
5	2	1
5	2	3
5	1	4
6	1	19
6	1	7
6	1	15
6	1	18
6	1	2
6	1	14
6	1	13

45
9
0	1	1
1	2	1
2	3	1
3	4	1
1	4	1
2	4	1
4	5	1
2	6	1
1	6	1
15
2	9	0
3	11	0
3	3	1
4	6	0
4	6	1
4	2	3
4	2	2
5	3	2
5	4	4
5	2	3
5	1	5
5	2	6
6	2	15
6	1	20
6	2	13

46
9
0	1	1
1	2	1
2	3	1
3	4	1
1	4	1
2	4	1
4	5	1
1	6	1
0	6	1
17
2	9	0
3	9	0
3	3	1
4	6	1
4	6	0
4	1	3
4	1	2
5	2	4
5	2	2
5	2	3
5	1	6
5	3	1
5	1	7
6	2	13
6	1	17
6	1	7
6	1	16

47
10
0	1	1
1	2	1
2	3	1
3	4	1
1	4	1
2	4	1
2	5	1
1	5	1
5	6	1
2	6	1
18
2	10	0
3	4	1
3	12	0
4	8	1
4	6	0
4	3	2
4	2	3
5	1	7
5	1	0
5	2	5
5	3	6
5	3	4
5	2	3
5	2	2
6	1	19
6	1	12
6	2	15
6	2	13

48
10
0	1	1
1	2	1
2	3	1
3	4	1
1	4	1
2	4	1
1	5	1
0	5	1
5	6	1
0	6	1
12
2	10	0
3	4	1
3	8	0
4	8	0
4	4	1
4	2	2
5	4	0
5	4	1
5	4	3
5	1	7
6	4	3
6	2	16

49
8
0	1	1
1	2	1
2	3	1
3	4	1
1	4	1
2	4	1
0	5	1
0	6	1
14
2	8	0
3	2	1
3	7	0
4	1	2
4	1	3
4	6	0
4	1	1
5	2	4
5	4	0
5	2	1
5	1	3
6	2	4
6	1	17
6	2	3

50
8
0	1	1
1	2	1
2	3	1
2	4	1
1	5	1
0	5	1
1	6	1
0	6	1
13
2	8	0
3	8	0
3	2	1
4	2	3
4	6	0
4	1	2
4	2	1
5	5	4
5	1	6
5	4	1
6	1	20
6	2	6
6	2	17

51
6
0	1	1
1	2	1
2	3	1
2	4	1
0	5	1
0	6	1
7
2	6	0
3	7	0
4	2	3
4	4	0
5	2	4
5	4	0
6	4	4

52
12
0	1	1
1	2	1
2	3	1
1	3	1
3	4	1
0	4	1
1	4	1
2	5	1
1	5	1
5	6	1
1	6	1
0	6	1
13
2	12	0
3	15	0
3	6	1
4	6	0
4	12	1
4	6	2
4	2	3
5	6	0
5	3	7
5	6	6
5	6	5
6	6	19
6	1	21

53
7
0	1	1
1	2	1
2	3	1
3	4	1
4	5	1
5	6	1
1	6	1
10
2	7	0
3	8	0
4	8	0
4	1	3
5	8	0
5	2	4
6	1	21
6	2	0
6	2	4
6	1	12

# Topo. # : Multp.
0	699
1	312
2	420
3	210
4	108
5	150
6	72
7	54
8	72
9	96
10	36
11	144
12	24
13	18
14	48
15	72
16	312
17	72
18	24
19	36
20	24
21	24
22	48
23	36
24	24
25	72
26	12
27	24
28	6
29	24
30	12
31	12
32	12
33	24
34	6
35	12
36	12
37	72
38	36
39	24
40	54
41	6
42	12
43	12
44	12
45	6
46	12
47	6
48	3
49	12
50	6
51	9
52	1
53	6