E	Esq	M	Msq	N_tot
0.0	0.0	0.0	0.0	0.0
-2.9354323319700266	8.61676297557499	-0.5	0.25	1.0
-0.6180339887498918	0.3819660112501014	-0.5	0.25	1.0
0.4625984229747757	0.2139973009387495	-0.5	0.25	1.0
1.4728339089952553	2.169239723486244	-0.5	0.25	1.0
1.6180339887498945	2.6180339887498936	-0.5	0.25	1.0
-3.5534663207199295	12.627122892490833	-1.0	1.0	2.0
-2.472833908995258	6.114907541476767	-1.0	1.0	2.0
-1.4625984229747737	2.139194146888295	-1.0	1.0	2.0
-1.3173983432201344	1.735538394719155	-1.0	1.0	2.0
-0.15543556577511763	0.02416021510783092	-1.0	1.0	2.0
0.8547999202453611	0.7306829036514757	-1.0	1.0	2.0
1.0000000000000049	1.0000000000000098	-1.0	1.0	2.0
1.9354323319700304	3.74589831163495	-1.0	1.0	2.0
2.080632411724668	4.329031232719209	-1.0	1.0	2.0
3.090867897745151	9.553464361311528	-1.0	1.0	2.0
-3.0908678977451505	9.553464361311526	-1.5	2.25	3.0
-2.08063241172467	4.329031232719217	-1.5	2.25	3.0
-1.9354323319700304	3.74589831163495	-1.5	2.25	3.0
-1.0000000000000004	1.0000000000000009	-1.5	2.25	3.0
-0.8547999202453611	0.7306829036514757	-1.5	2.25	3.0
0.1554355657751203	0.02416021510783175	-1.5	2.25	3.0
1.3173983432201344	1.735538394719155	-1.5	2.25	3.0
1.4625984229747755	2.1391941468883005	-1.5	2.25	3.0
2.4728339089952542	6.114907541476749	-1.5	2.25	3.0
3.553466320719924	12.627122892490796	-1.5	2.25	3.0
-1.6180339887498951	2.618033988749896	-2.0	4.0	4.0
-1.4728339089952556	2.169239723486245	-2.0	4.0	4.0
-0.4625984229747755	0.2139973009387493	-2.0	4.0	4.0
0.6180339887498945	0.38196601125010465	-2.0	4.0	4.0
2.9354323319700257	8.616762975574984	-2.0	4.0	4.0
0.0	0.0	-2.5	6.25	5.0
-2.9354323319700266	8.61676297557499	0.5	0.25	1.0
-0.6180339887498918	0.3819660112501014	0.5	0.25	1.0
0.4625984229747757	0.2139973009387495	0.5	0.25	1.0
1.4728339089952553	2.169239723486244	0.5	0.25	1.0
1.6180339887498945	2.6180339887498936	0.5	0.25	1.0
-4.5373009760235075	20.58710014702387	0.0	0.0	2.0
-3.5534663207199246	12.627122892490798	0.0	0.0	2.0
-2.472833908995255	6.114907541476754	0.0	0.0	2.0
-2.2756737824647257	5.1786911641973115	0.0	0.0	2.0
-1.4625984229747737	2.139194146888295	0.0	0.0	2.0
-1.3173983432201344	1.735538394719155	0.0	0.0	2.0
-1.2949253858589072	1.6768317549418397	0.0	0.0	2.0
-0.5664070129216023	0.3208169042867722	0.0	0.0	2.0
-0.34082891783497615	0.11616435123256093	0.0	0.0	2.0
-0.15543556577512252	0.02416021510783244	0.0	0.0	2.0
0.6207096487972974	0.3852804681100643	0.0	0.0	2.0
0.8547999202453607	0.7306829036514749	0.0	0.0	2.0
0.9688775842648489	0.9387237732908894	0.0	0.0	2.0
0.9999999999999964	0.9999999999999929	0.0	0.0	2.0
1.7288364368430917	2.9888754253563175	0.0	0.0	2.0
1.935432331970027	3.745898311634937	0.0	0.0	2.0
2.080632411724669	4.329031232719212	0.0	0.0	2.0
2.227797384894184	4.963081188141365	0.0	0.0	2.0
2.629255265291782	6.912983250064559	0.0	0.0	2.0
3.090867897745146	9.553464361311498	0.0	0.0	2.0
32.065577718955105	1028.20127445035	0.0	0.0	2.0
32.07760595104759	1028.9728035506837	0.0	0.0	2.0
32.167206988117144	1034.7292054163725	0.0	0.0	2.0
32.17837022687462	1035.447510457811	0.0	0.0	2.0
32.35089887001806	1046.5806576981356	0.0	0.0	2.0
-4.260468834475423	18.151594689536374	-0.5	0.25	3.0
-3.475751834614349	12.080850815825013	-0.5	0.25	3.0
-3.0908678977451487	9.553464361311516	-0.5	0.25	3.0
-2.729433346516986	7.449806393078913	-0.5	0.25	3.0
-2.685287325220208	7.210768018988299	-0.5	0.25	3.0
-2.080632411724666	4.3290312327192	-0.5	0.25	3.0
-2.025779759186197	4.1037836327284865	-0.5	0.25	3.0
-1.9354323319700302	3.745898311634949	-0.5	0.25	3.0
-1.502998549658812	2.2590046402764927	-0.5	0.25	3.0
-1.0000000000000058	1.0000000000000115	-0.5	0.25	3.0
-0.8841792923132621	0.781773020955581	-0.5	0.25	3.0
-0.8547999202453616	0.7306829036514765	-0.5	0.25	3.0
-0.5714286722036483	0.3265307274164246	-0.5	0.25	3.0
-0.4778330717957453	0.22832444450175787	-0.5	0.25	3.0
-0.0697571062653859	0.00486605387452034	-0.5	0.25	3.0
0.13269403596020712	0.01760770717940874	-0.5	0.25	3.0
0.1554355657751092	0.024160215107828297	-0.5	0.25	3.0
0.4719432220359039	0.22273040482563047	-0.5	0.25	3.0
0.8860669235298362	0.7851145929736285	-0.5	0.25	3.0
1.0953020986884452	1.1996866873913126	-0.5	0.25	3.0
1.3173983432201295	1.735538394719142	-0.5	0.25	3.0
1.4132519582914078	1.997281097614499	-0.5	0.25	3.0
1.4519902995179308	2.10827582989417	-0.5	0.25	3.0
1.462598422974775	2.139194146888299	-0.5	0.25	3.0
2.2038431142917494	4.856924472411157	-0.5	0.25	3.0
2.2169449522072355	4.914844921117142	-0.5	0.25	3.0
2.4728339089952556	6.1149075414767555	-0.5	0.25	3.0
2.8925288751204707	8.366723293405697	-0.5	0.25	3.0
3.3670678575672692	11.33714595746264	-0.5	0.25	3.0
3.553466320719915	12.627122892490728	-0.5	0.25	3.0
29.297863445643756	858.3648024795887	-0.5	0.25	3.0
29.31226190177931	859.2086977985027	-0.5	0.25	3.0
29.604048161747805	876.3996675630835	-0.5	0.25	3.0
29.720740278161486	883.3224026819305	-0.5	0.25	3.0
30.821594557852357	949.970691088634	-0.5	0.25	3.0
31.109128655773887	967.777885721492	-0.5	0.25	3.0
31.36026136954559	983.4659931662135	-0.5	0.25	3.0
31.4908868671549	991.6759556799489	-0.5	0.25	3.0
32.21096024924125	1037.5459601782002	-0.5	0.25	3.0
32.21420096244963	1037.7547436490906	-0.5	0.25	3.0
32.520294739652726	1057.5695699538849	-0.5	0.25	3.0
32.77432741428042	1074.1565374584532	-0.5	0.25	3.0
32.86245643830496	1079.941043159491	-0.5	0.25	3.0
33.281249227217906	1107.6415501241925	-0.5	0.25	3.0
33.36280135981276	1113.076514574324	-0.5	0.25	3.0
33.76851188399929	1140.312394859801	-0.5	0.25	3.0
33.98274318040026	1154.8268340650407	-0.5	0.25	3.0
34.12906542871313	1164.793107037382	-0.5	0.25	3.0
34.24006119475122	1172.3817906203083	-0.5	0.25	3.0
34.48782713855685	1189.4102207389785	-0.5	0.25	3.0
-2.8574933113029957	8.165268024141358	-1.0	1.0	4.0
-2.3599184026351807	5.569214867096183	-1.0	1.0	4.0
-1.9522694940775196	3.811356177505694	-1.0	1.0	4.0
-1.6180339887498556	2.618033988749768	-1.0	1.0	4.0
-1.5902934745479318	2.5290333351897334	-1.0	1.0	4.0
-1.5592787164105033	2.431350115450787	-1.0	1.0	4.0
-1.4728339089952271	2.169239723486161	-1.0	1.0	4.0
-0.975096058813925	0.9508123239144496	-1.0	1.0	4.0
-0.7821476282006827	0.6117549122999534	-1.0	1.0	4.0
-0.46259842297468723	0.21399730093866765	-1.0	1.0	4.0
-0.43941618162179047	0.19308658067107434	-1.0	1.0	4.0
-0.13014674684706762	0.016938175714874704	-1.0	1.0	4.0
0.6180339887499073	0.3819660112501206	-1.0	1.0	4.0
0.6988869953837238	0.48844303231648917	-1.0	1.0	4.0
0.8128470816288313	0.660720378112508	-1.0	1.0	4.0
1.480643746471337	2.1923059039646766	-1.0	1.0	4.0
1.9488713398517135	3.7980994992954127	-1.0	1.0	4.0
2.4263001287024935	5.8869323145417365	-1.0	1.0	4.0
2.69277446640848	7.251034326941474	-1.0	1.0	4.0
2.935432331970027	8.616762975574991	-1.0	1.0	4.0
28.434736856311915	808.5342600877032	-1.0	1.0	4.0
28.56973525135068	816.2297723322696	-1.0	1.0	4.0
28.95755143540838	838.539785134322	-1.0	1.0	4.0
29.493645700860462	869.8751367278849	-1.0	1.0	4.0
29.59628499580817	875.9400855530997	-1.0	1.0	4.0
30.038359060901247	902.303015071628	-1.0	1.0	4.0
30.17485316043702	910.521763253936	-1.0	1.0	4.0
30.61358382708712	937.1915147380901	-1.0	1.0	4.0
30.670093831829526	940.6546556532276	-1.0	1.0	4.0
31.032675685980976	963.0269602312749	-1.0	1.0	4.0
31.228689438207194	975.2310440279936	-1.0	1.0	4.0
31.46095823623937	989.791893142398	-1.0	1.0	4.0
31.56766756106358	996.5176352458258	-1.0	1.0	4.0
31.668221346646693	1002.8762432602092	-1.0	1.0	4.0
31.799998415918758	1011.2398992524355	-1.0	1.0	4.0
32.19983196265993	1036.829178423536	-1.0	1.0	4.0
32.391489807296644	1049.2086119362023	-1.0	1.0	4.0
32.58577791783654	1061.8329225105633	-1.0	1.0	4.0
32.730317024398346	1071.2736525176201	-1.0	1.0	4.0
32.891952400279074	1081.8805327022244	-1.0	1.0	4.0
33.3541482345588	1112.499204452922	-1.0	1.0	4.0
33.61684847618523	1130.0925014707973	-1.0	1.0	4.0
33.932358122494094	1151.4049277531908	-1.0	1.0	4.0
34.044420750176485	1159.0225842150471	-1.0	1.0	4.0
34.21812625493635	1170.8801643987645	-1.0	1.0	4.0
34.44649329381022	1186.5609002405124	-1.0	1.0	4.0
34.807657624468696	1211.5730293022339	-1.0	1.0	4.0
34.843512574968884	1214.0703685620147	-1.0	1.0	4.0
35.600913296536845	1267.425027547534	-1.0	1.0	4.0
35.614833711353846	1268.4163802873863	-1.0	1.0	4.0
-0.31202613334804424	0.09736030789213149	-1.5	2.25	5.0
-0.27624185724044836	0.07630956369165226	-1.5	2.25	5.0
-0.1870441298484664	0.03498550651076996	-1.5	2.25	5.0
-0.09892341378415637	0.009785841794711418	-1.5	2.25	5.0
9.237055564881302e-14	8.532319550870464e-27	-1.5	2.25	5.0
28.475199901766615	810.8370094455695	-1.5	2.25	5.0
28.689279626347926	823.0747654787822	-1.5	2.25	5.0
29.396662159663865	864.1637461294134	-1.5	2.25	5.0
29.846541287059043	890.8160268001201	-1.5	2.25	5.0
30.335170807735416	920.2225879344829	-1.5	2.25	5.0
30.66538872203267	940.3660654733685	-1.5	2.25	5.0
31.490238348220686	991.6351112277487	-1.5	2.25	5.0
31.503376375004226	992.4627230251745	-1.5	2.25	5.0
32.0	1024.0	-1.5	2.25	5.0
32.00000000000001	1024.0000000000005	-1.5	2.25	5.0
32.00476498078773	1024.3049814754568	-1.5	2.25	5.0
32.06947880619764	1028.4514709011594	-1.5	2.25	5.0
32.54079270351815	1058.90318977334	-1.5	2.25	5.0
32.5660366828207	1060.5467452268235	-1.5	2.25	5.0
33.44994307243085	1118.8986915488645	-1.5	2.25	5.0
33.698394649561045	1135.5818019575645	-1.5	2.25	5.0
34.167124240455	1167.3923788626878	-1.5	2.25	5.0
34.76944392552782	1208.9142308904231	-1.5	2.25	5.0
35.472077726152065	1258.2682982101735	-1.5	2.25	5.0
35.7343215189397	1276.941734418957	-1.5	2.25	5.0
29.064567668029976	844.7490937294934	-2.0	4.0	6.0
31.381966011250103	984.8277907312568	-2.0	4.0	6.0
32.46259842297477	1053.820296371324	-2.0	4.0	6.0
33.472833908995256	1120.4306098991826	-2.0	4.0	6.0
33.6180339887499	1130.1722092687435	-2.0	4.0	6.0
-3.5534663207199295	12.627122892490833	1.0	1.0	2.0
-2.472833908995258	6.114907541476767	1.0	1.0	2.0
-1.4625984229747737	2.139194146888295	1.0	1.0	2.0
-1.3173983432201344	1.735538394719155	1.0	1.0	2.0
-0.15543556577511763	0.02416021510783092	1.0	1.0	2.0
0.8547999202453611	0.7306829036514757	1.0	1.0	2.0
1.0000000000000049	1.0000000000000098	1.0	1.0	2.0
1.9354323319700304	3.74589831163495	1.0	1.0	2.0
2.080632411724668	4.329031232719209	1.0	1.0	2.0
3.090867897745151	9.553464361311528	1.0	1.0	2.0
-4.260468834475423	18.151594689536374	0.5	0.25	3.0
-3.475751834614348	12.080850815825007	0.5	0.25	3.0
-3.090867897745148	9.553464361311509	0.5	0.25	3.0
-2.7294333465169833	7.449806393078899	0.5	0.25	3.0
-2.6852873252202047	7.210768018988282	0.5	0.25	3.0
-2.080632411724674	4.329031232719233	0.5	0.25	3.0
-2.0257797591861992	4.103783632728495	0.5	0.25	3.0
-1.9354323319700306	3.7458983116349507	0.5	0.25	3.0
-1.5029985496588036	2.2590046402764674	0.5	0.25	3.0
-1.0000000000000027	1.0000000000000053	0.5	0.25	3.0
-0.8841792923132599	0.781773020955577	0.5	0.25	3.0
-0.8547999202453616	0.7306829036514765	0.5	0.25	3.0
-0.5714286722036439	0.32653072741641953	0.5	0.25	3.0
-0.4778330717957382	0.2283244445017511	0.5	0.25	3.0
-0.06975710626538323	0.004866053874519968	0.5	0.25	3.0
0.13269403596021423	0.017607707179410625	0.5	0.25	3.0
0.15543556577511008	0.024160215107828575	0.5	0.25	3.0
0.47194322203590744	0.22273040482563383	0.5	0.25	3.0
0.8860669235298388	0.7851145929736333	0.5	0.25	3.0
1.0953020986884523	1.199686687391328	0.5	0.25	3.0
1.3173983432201304	1.7355383947191445	0.5	0.25	3.0
1.4132519582914096	1.9972810976145041	0.5	0.25	3.0
1.4519902995179335	2.108275829894178	0.5	0.25	3.0
1.4625984229747697	2.1391941468882836	0.5	0.25	3.0
2.203843114291762	4.856924472411212	0.5	0.25	3.0
2.216944952207241	4.914844921117165	0.5	0.25	3.0
2.472833908995251	6.114907541476734	0.5	0.25	3.0
2.892528875120469	8.366723293405686	0.5	0.25	3.0
3.3670678575672666	11.337145957462623	0.5	0.25	3.0
3.5534663207199104	12.627122892490696	0.5	0.25	3.0
29.297863445643756	858.3648024795887	0.5	0.25	3.0
29.312261901779305	859.2086977985025	0.5	0.25	3.0
29.604048161747812	876.399667563084	0.5	0.25	3.0
29.720740278161486	883.3224026819305	0.5	0.25	3.0
30.82159455785235	949.9706910886337	0.5	0.25	3.0
31.109128655773887	967.777885721492	0.5	0.25	3.0
31.36026136954559	983.4659931662135	0.5	0.25	3.0
31.490886867154906	991.6759556799493	0.5	0.25	3.0
32.21096024924124	1037.5459601781993	0.5	0.25	3.0
32.21420096244963	1037.7547436490906	0.5	0.25	3.0
32.52029473965273	1057.5695699538853	0.5	0.25	3.0
32.77432741428042	1074.1565374584532	0.5	0.25	3.0
32.86245643830496	1079.941043159491	0.5	0.25	3.0
33.28124922721791	1107.641550124193	0.5	0.25	3.0
33.36280135981275	1113.0765145743235	0.5	0.25	3.0
33.768511883999295	1140.3123948598015	0.5	0.25	3.0
33.982743180400284	1154.826834065042	0.5	0.25	3.0
34.12906542871311	1164.7931070373804	0.5	0.25	3.0
34.24006119475123	1172.381790620309	0.5	0.25	3.0
34.48782713855686	1189.410220738979	0.5	0.25	3.0
-3.04847820732724	9.293219380549104	0.0	0.0	4.0
-2.8574933113029877	8.165268024141314	0.0	0.0	4.0
-2.359918402635179	5.569214867096174	0.0	0.0	4.0
-1.9839376756002787	3.9360087006662368	0.0	0.0	4.0
-1.952269494077502	3.8113561775056257	0.0	0.0	4.0
-1.9023250349805125	3.618840538713608	0.0	0.0	4.0
-1.6180339887498913	2.6180339887498834	0.0	0.0	4.0
-1.5902934745479271	2.5290333351897187	0.0	0.0	4.0
-1.5592787164105022	2.4313501154507833	0.0	0.0	4.0
-1.472833908995252	2.169239723486234	0.0	0.0	4.0
-1.4670270825788723	2.1521684610198775	0.0	0.0	4.0
-0.9750960588139335	0.950812323914466	0.0	0.0	4.0
-0.8570764374785882	0.7345800196809883	0.0	0.0	4.0
-0.7821476282006712	0.6117549122999354	0.0	0.0	4.0
-0.4625984229747697	0.21399730093874395	0.0	0.0	4.0
-0.43941618162177853	0.19308658067106385	0.0	0.0	4.0
-0.1301467468470725	0.016938175714875978	0.0	0.0	4.0
0.39141228147926066	0.15320357409279997	0.0	0.0	4.0
0.6180339887498896	0.38196601125009866	0.0	0.0	4.0
0.6988869953837131	0.48844303231647423	0.0	0.0	4.0
0.812847081628842	0.6607203781125254	0.0	0.0	4.0
0.9739182761064606	0.9485168085341801	0.0	0.0	4.0
1.464989512667099	2.1461942722245846	0.0	0.0	4.0
1.4806437464713396	2.1923059039646846	0.0	0.0	4.0
1.4905429154884642	2.2217181829128507	0.0	0.0	4.0
1.948871339851702	3.798099499295368	0.0	0.0	4.0
2.356602104513091	5.55357347899553	0.0	0.0	4.0
2.42630012870249	5.886932314541719	0.0	0.0	4.0
2.6927744664084647	7.251034326941392	0.0	0.0	4.0
2.9354323319700333	8.616762975575028	0.0	0.0	4.0
27.929801525796343	780.0738132703757	0.0	0.0	4.0
27.97383243240005	782.535300955997	0.0	0.0	4.0
28.434736856311925	808.5342600877038	0.0	0.0	4.0
28.56973525135067	816.2297723322692	0.0	0.0	4.0
28.792169849543026	828.9890446449344	0.0	0.0	4.0
28.850038825343006	832.3247402237988	0.0	0.0	4.0
28.957551435408345	838.5397851343199	0.0	0.0	4.0
29.493645700860487	869.8751367278862	0.0	0.0	4.0
29.596284995808137	875.9400855530979	0.0	0.0	4.0
29.871678971296067	892.3172045641717	0.0	0.0	4.0
30.03835906090121	902.3030150716259	0.0	0.0	4.0
30.03849400352465	902.3111219997865	0.0	0.0	4.0
30.174853160437028	910.5217632539365	0.0	0.0	4.0
30.46313050501556	928.0023201656095	0.0	0.0	4.0
30.60278037280219	936.530166545967	0.0	0.0	4.0
30.61358382708713	937.1915147380906	0.0	0.0	4.0
30.647898679719326	939.2936934823416	0.0	0.0	4.0
30.670093831829526	940.6546556532276	0.0	0.0	4.0
31.032675685980987	963.0269602312756	0.0	0.0	4.0
31.10451289818059	967.4907226330828	0.0	0.0	4.0
31.228689438207205	975.2310440279942	0.0	0.0	4.0
31.259284155683623	977.1428459257733	0.0	0.0	4.0
31.46095823623934	989.7918931423959	0.0	0.0	4.0
31.56766756106354	996.5176352458234	0.0	0.0	4.0
31.590578659174916	997.9646600215176	0.0	0.0	4.0
31.602836822405045	998.7392952235602	0.0	0.0	4.0
31.668221346646686	1002.8762432602089	0.0	0.0	4.0
31.799998415918747	1011.2398992524348	0.0	0.0	4.0
31.932857522334633	1019.7073895417235	0.0	0.0	4.0
32.18221569340595	1035.6950069369043	0.0	0.0	4.0
32.183828644962205	1035.7988262482897	0.0	0.0	4.0
32.199831962659914	1036.829178423535	0.0	0.0	4.0
32.248805215691725	1039.9854378396258	0.0	0.0	4.0
32.391489807296644	1049.2086119362023	0.0	0.0	4.0
32.58577791783652	1061.8329225105624	0.0	0.0	4.0
32.64866450135773	1065.9352937222163	0.0	0.0	4.0
32.65029523168063	1066.041778715907	0.0	0.0	4.0
32.730317024398325	1071.2736525176188	0.0	0.0	4.0
32.891952400279074	1081.8805327022244	0.0	0.0	4.0
33.004591092879004	1089.303033208148	0.0	0.0	4.0
33.05165574080143	1092.4119472084521	0.0	0.0	4.0
33.280604024819574	1107.5986042568368	0.0	0.0	4.0
33.35414823455877	1112.49920445292	0.0	0.0	4.0
33.61604806598519	1130.0386875746267	0.0	0.0	4.0
33.61684847618523	1130.0925014707973	0.0	0.0	4.0
33.829977650202125	1144.4673878131753	0.0	0.0	4.0
33.8477462552983	1145.6699265630598	0.0	0.0	4.0
33.9323581224941	1151.4049277531915	0.0	0.0	4.0
34.04442075017648	1159.0225842150467	0.0	0.0	4.0
34.218126254936365	1170.8801643987654	0.0	0.0	4.0
34.446493293810235	1186.5609002405135	0.0	0.0	4.0
34.468924304216806	1188.106742689828	0.0	0.0	4.0
34.53212440767912	1192.467616107428	0.0	0.0	4.0
34.807657624468646	1211.5730293022302	0.0	0.0	4.0
34.84351257496886	1214.0703685620133	0.0	0.0	4.0
35.110391356779076	1232.7395812261868	0.0	0.0	4.0
35.17699814029147	1237.4211981620692	0.0	0.0	4.0
35.50512837532961	1260.6141409486358	0.0	0.0	4.0
35.60091329653684	1267.4250275475333	0.0	0.0	4.0
35.61483371135383	1268.4163802873854	0.0	0.0	4.0
64.10960884142742	4110.041945800828	0.0	0.0	4.0
64.10968078324694	4110.051170129823	0.0	0.0	4.0
64.15387076063519	4115.719133572282	0.0	0.0	4.0
64.16077328128837	4116.604828052888	0.0	0.0	4.0
64.19356028218691	4120.813181702764	0.0	0.0	4.0
64.27354139218242	4131.088123092587	0.0	0.0	4.0
64.3350079379293	4138.993246373427	0.0	0.0	4.0
64.33842476172083	4139.432900819612	0.0	0.0	4.0
64.37533370084982	4144.183589095771	0.0	0.0	4.0
64.53368368164459	4164.596329522561	0.0	0.0	4.0
-0.4594611744843416	0.2111045708585306	-0.5	0.25	5.0
-0.4194652081934956	0.1759510608848126	-0.5	0.25	5.0
-0.3742478171237207	0.14006142862186988	-0.5	0.25	5.0
-0.3120261333481038	0.09736030789216867	-0.5	0.25	5.0
-0.28657868445444573	0.08212734238364078	-0.5	0.25	5.0
-0.27624185724041594	0.07630956369163434	-0.5	0.25	5.0
-0.20398179624615664	0.04160857319980856	-0.5	0.25	5.0
-0.18704412984840058	0.034985506510745334	-0.5	0.25	5.0
-0.098923413784064	0.009785841794693143	-0.5	0.25	5.0
2.842170943040401e-14	8.077935669463161e-28	-0.5	0.25	5.0
27.94302606198375	780.8127055007031	-0.5	0.25	5.0
28.378796026563236	805.3560639172813	-0.5	0.25	5.0
28.475199901766608	810.837009445569	-0.5	0.25	5.0
28.689279626347883	823.0747654787797	-0.5	0.25	5.0
28.781493248773607	828.3743536292008	-0.5	0.25	5.0
28.96205020147432	838.8003518727187	-0.5	0.25	5.0
29.112739171826597	847.5515820868068	-0.5	0.25	5.0
29.39666215966382	864.1637461294107	-0.5	0.25	5.0
29.56674752931437	874.1925594622173	-0.5	0.25	5.0
29.567516691520886	874.2380433033662	-0.5	0.25	5.0
29.746348053319295	884.8452225092126	-0.5	0.25	5.0
29.84654128705909	890.8160268001228	-0.5	0.25	5.0
29.955492947091777	897.3315577032652	-0.5	0.25	5.0
30.297785165182283	917.9557859155396	-0.5	0.25	5.0
30.33517080773543	920.2225879344838	-0.5	0.25	5.0
30.44464536482733	926.8764313901023	-0.5	0.25	5.0
30.665388722032688	940.3660654733695	-0.5	0.25	5.0
30.763568982515622	946.3971765419973	-0.5	0.25	5.0
30.81964963858121	949.850803844899	-0.5	0.25	5.0
30.96471163453316	958.8133666097932	-0.5	0.25	5.0
31.05231833653152	964.2464740732917	-0.5	0.25	5.0
31.1829907809842	972.3789140469455	-0.5	0.25	5.0
31.478785804264003	990.9139557107329	-0.5	0.25	5.0
31.490238348220718	991.6351112277507	-0.5	0.25	5.0
31.503376375004233	992.4627230251749	-0.5	0.25	5.0
31.602453288555004	998.715053855301	-0.5	0.25	5.0
31.735004813062396	1007.1105304850935	-0.5	0.25	5.0
31.774114749407296	1009.5943681085023	-0.5	0.25	5.0
31.977429079472245	1022.5559705326772	-0.5	0.25	5.0
32.00000000000001	1024.0000000000005	-0.5	0.25	5.0
32.000000000000036	1024.0000000000023	-0.5	0.25	5.0
32.004764980787755	1024.3049814754581	-0.5	0.25	5.0
32.00722474243082	1024.4624357124758	-0.5	0.25	5.0
32.069478806197644	1028.4514709011598	-0.5	0.25	5.0
32.28666299517203	1042.428607363811	-0.5	0.25	5.0
32.409695243135836	1050.3883457529416	-0.5	0.25	5.0
32.521078374242364	1057.6205386236145	-0.5	0.25	5.0
32.54079270351815	1058.90318977334	-0.5	0.25	5.0
32.56603668282073	1060.5467452268254	-0.5	0.25	5.0
32.767899818062666	1073.7352584865914	-0.5	0.25	5.0
32.84407304436661	1078.7331341436893	-0.5	0.25	5.0
32.99569855920662	1088.71612341003	-0.5	0.25	5.0
33.19756148580767	1102.0780886039806	-0.5	0.25	5.0
33.449943072430884	1118.898691548867	-0.5	0.25	5.0
33.47399905051515	1120.5086124338889	-0.5	0.25	5.0
33.5103500609251	1122.9435612057428	-0.5	0.25	5.0
33.69839464956104	1135.581801957564	-0.5	0.25	5.0
33.94788963585919	1152.459210728476	-0.5	0.25	5.0
34.12095136855964	1164.2393222956118	-0.5	0.25	5.0
34.167124240455095	1167.3923788626942	-0.5	0.25	5.0
34.21147435618815	1170.4249776241193	-0.5	0.25	5.0
34.35580736316014	1180.3214995745684	-0.5	0.25	5.0
34.76944392552783	1208.9142308904243	-0.5	0.25	5.0
34.780637668326236	1209.6927566153938	-0.5	0.25	5.0
34.83624054263933	1213.5636551446282	-0.5	0.25	5.0
34.994147483725996	1224.5903581127664	-0.5	0.25	5.0
35.37682983888854	1251.5200894496745	-0.5	0.25	5.0
35.472077726152094	1258.2682982101755	-0.5	0.25	5.0
35.73432151893971	1276.9417344189576	-0.5	0.25	5.0
35.76198509083833	1278.919577637343	-0.5	0.25	5.0
61.53246873073114	3786.244708098405	-0.5	0.25	5.0
61.65982654618712	3801.9342097058816	-0.5	0.25	5.0
61.74232379173946	3812.1145472039966	-0.5	0.25	5.0
61.90491305595446	3832.2182604652808	-0.5	0.25	5.0
61.91757090668156	3833.785586983939	-0.5	0.25	5.0
62.23519960485862	3873.220069856595	-0.5	0.25	5.0
62.67222588693136	3927.807897622549	-0.5	0.25	5.0
62.863619009199816	3951.8345949338286	-0.5	0.25	5.0
62.864198134500846	3951.9074070937795	-0.5	0.25	5.0
63.238142111553444	3999.0626177210293	-0.5	0.25	5.0
63.24139722105927	3999.4743224718036	-0.5	0.25	5.0
63.54464232966862	4037.921568805513	-0.5	0.25	5.0
63.73461911675565	4062.101673957915	-0.5	0.25	5.0
64.08215237813292	4106.522253414247	-0.5	0.25	5.0
64.10137054512943	4108.9857057639865	-0.5	0.25	5.0
64.17020871179896	4117.8156861158395	-0.5	0.25	5.0
64.18016164556094	4119.093148850332	-0.5	0.25	5.0
64.50387361656169	4160.7497115413635	-0.5	0.25	5.0
64.78319204056763	4196.861970965065	-0.5	0.25	5.0
65.02535277587738	4228.296503627304	-0.5	0.25	5.0
65.0345547957472	4229.493317481045	-0.5	0.25	5.0
65.46021877369708	4285.040241900284	-0.5	0.25	5.0
65.46711747470204	4285.943470446437	-0.5	0.25	5.0
65.87851641046535	4339.978924443953	-0.5	0.25	5.0
66.20212211893497	4382.720973050378	-0.5	0.25	5.0
66.51218129029904	4423.870259993606	-0.5	0.25	5.0
66.52655128161207	4425.782025424961	-0.5	0.25	5.0
66.64875390880468	4442.056397596407	-0.5	0.25	5.0
66.68682117608186	4447.13211857072	-0.5	0.25	5.0
66.8215649988728	4465.121548898583	-0.5	0.25	5.0
29.064567668030058	844.7490937294982	-1.0	1.0	6.0
29.08446198099255	845.9059287238011	-1.0	1.0	6.0
29.24015036970727	854.9863936430921	-1.0	1.0	6.0
29.772575419337688	886.4062471001507	-1.0	1.0	6.0
30.253967775581067	915.3025661658976	-1.0	1.0	6.0
30.933630654295456	956.8895054563675	-1.0	1.0	6.0
30.98352782734633	959.9789966279443	-1.0	1.0	6.0
31.381966011250093	984.8277907312561	-1.0	1.0	6.0
31.86073553475034	1015.1064688153031	-1.0	1.0	6.0
32.14921275361672	1033.5718806773123	-1.0	1.0	6.0
32.44580393415747	1052.7301929337882	-1.0	1.0	6.0
32.462598422974835	1053.8202963713284	-1.0	1.0	6.0
32.72716676688674	1071.067444587616	-1.0	1.0	6.0
33.204151156207416	1102.5156540042703	-1.0	1.0	6.0
33.205390000038356	1102.5979250546472	-1.0	1.0	6.0
33.47283390899523	1120.4306098991808	-1.0	1.0	6.0
33.54561733927052	1125.3084426727671	-1.0	1.0	6.0
33.618033988749886	1130.1722092687426	-1.0	1.0	6.0
33.87694316853167	1147.6472784439245	-1.0	1.0	6.0
34.0617747064926	1160.204496155859	-1.0	1.0	6.0
60.67161641274471	3681.0450381352334	-1.0	1.0	6.0
60.7367917234944	3688.9578688631377	-1.0	1.0	6.0
61.24384121371121	3750.8080866102714	-1.0	1.0	6.0
61.40327595372531	3770.3622978493413	-1.0	1.0	6.0
61.76383677866264	3814.77153362128	-1.0	1.0	6.0
61.932874700460104	3835.6809686628912	-1.0	1.0	6.0
62.15545479595393	3863.3005608918725	-1.0	1.0	6.0
62.290923225244164	3880.1591162532627	-1.0	1.0	6.0
62.643874783013516	3924.2550478298767	-1.0	1.0	6.0
62.76716543728181	3939.7170570311046	-1.0	1.0	6.0
63.19773394957417	3993.95357636116	-1.0	1.0	6.0
63.34014752782514	4011.974288846653	-1.0	1.0	6.0
63.556719947721504	4039.4566505131006	-1.0	1.0	6.0
63.69490893777863	4057.041424591912	-1.0	1.0	6.0
63.90651595349029	4084.0427813137094	-1.0	1.0	6.0
64.33868086137456	4139.465854981804	-1.0	1.0	6.0
64.46347746273817	4155.539926588952	-1.0	1.0	6.0
64.62208259486927	4176.013558898106	-1.0	1.0	6.0
64.72896375760168	4189.838749132911	-1.0	1.0	6.0
64.92542740342026	4215.311123516794	-1.0	1.0	6.0
65.1203249638641	4240.656723399263	-1.0	1.0	6.0
65.41859806021037	4279.59297216336	-1.0	1.0	6.0
65.49822821198326	4290.01789890904	-1.0	1.0	6.0
65.98079541886827	4353.465364106548	-1.0	1.0	6.0
66.077631956432	4366.253444969683	-1.0	1.0	6.0
66.6350522451308	4440.2301877113105	-1.0	1.0	6.0
66.66268251092951	4443.913239552988	-1.0	1.0	6.0
67.30903806839338	4530.506605692429	-1.0	1.0	6.0
67.58826269947689	4568.173254733499	-1.0	1.0	6.0
67.97996305681392	4621.275377205785	-1.0	1.0	6.0
60.44653367928008	3653.783433840341	-1.5	2.25	7.0
61.52716609100476	3785.592167190086	-1.5	2.25	7.0
62.53740157702523	3910.9265960061175	-1.5	2.25	7.0
62.68260165677987	3929.108550462543	-1.5	2.25	7.0
63.8445644342249	4076.128407795895	-1.5	2.25	7.0
64.85479992024528	4206.145072695048	-1.5	2.25	7.0
65.00000000000001	4225.000000000002	-1.5	2.25	7.0
65.93543233197002	4347.481236803797	-1.5	2.25	7.0
66.08063241172468	4366.649979933478	-1.5	2.25	7.0
67.09086789774517	4501.184555272694	-1.5	2.25	7.0
-3.0908678977451505	9.553464361311526	1.5	2.25	3.0
-2.08063241172467	4.329031232719217	1.5	2.25	3.0
-1.9354323319700304	3.74589831163495	1.5	2.25	3.0
-1.0000000000000004	1.0000000000000009	1.5	2.25	3.0
-0.8547999202453611	0.7306829036514757	1.5	2.25	3.0
0.1554355657751203	0.02416021510783175	1.5	2.25	3.0
1.3173983432201344	1.735538394719155	1.5	2.25	3.0
1.4625984229747755	2.1391941468883005	1.5	2.25	3.0
2.4728339089952542	6.114907541476749	1.5	2.25	3.0
3.553466320719924	12.627122892490796	1.5	2.25	3.0
-2.8574933113029886	8.165268024141318	1.0	1.0	4.0
-2.359918402635188	5.569214867096217	1.0	1.0	4.0
-1.9522694940775125	3.8113561775056666	1.0	1.0	4.0
-1.6180339887498274	2.6180339887496764	1.0	1.0	4.0
-1.5902934745479356	2.5290333351897454	1.0	1.0	4.0
-1.5592787164105057	2.4313501154507944	1.0	1.0	4.0
-1.4728339089951916	2.1692397234860565	1.0	1.0	4.0
-0.9750960588139463	0.9508123239144911	1.0	1.0	4.0
-0.7821476282006827	0.6117549122999534	1.0	1.0	4.0
-0.4625984229747592	0.21399730093873426	1.0	1.0	4.0
-0.43941618162179524	0.19308658067107853	1.0	1.0	4.0
-0.13014674684709604	0.016938175714882105	1.0	1.0	4.0
0.6180339887499002	0.3819660112501118	1.0	1.0	4.0
0.6988869953837238	0.48844303231648917	1.0	1.0	4.0
0.8128470816288313	0.660720378112508	1.0	1.0	4.0
1.480643746471344	2.1923059039646975	1.0	1.0	4.0
1.9488713398517135	3.7980994992954127	1.0	1.0	4.0
2.4263001287025077	5.886932314541805	1.0	1.0	4.0
2.692774466408487	7.251034326941512	1.0	1.0	4.0
2.935432331970034	8.616762975575034	1.0	1.0	4.0
28.434736856311915	808.5342600877032	1.0	1.0	4.0
28.569735251350682	816.2297723322698	1.0	1.0	4.0
28.957551435408377	838.5397851343217	1.0	1.0	4.0
29.493645700860462	869.8751367278849	1.0	1.0	4.0
29.596284995808162	875.9400855530994	1.0	1.0	4.0
30.038359060901243	902.3030150716278	1.0	1.0	4.0
30.17485316043702	910.521763253936	1.0	1.0	4.0
30.613583827087126	937.1915147380904	1.0	1.0	4.0
30.670093831829526	940.6546556532276	1.0	1.0	4.0
31.032675685980976	963.0269602312749	1.0	1.0	4.0
31.22868943820719	975.2310440279933	1.0	1.0	4.0
31.460958236239364	989.7918931423975	1.0	1.0	4.0
31.56766756106358	996.5176352458258	1.0	1.0	4.0
31.668221346646686	1002.8762432602089	1.0	1.0	4.0
31.799998415918758	1011.2398992524355	1.0	1.0	4.0
32.19983196265993	1036.829178423536	1.0	1.0	4.0
32.39148980729665	1049.2086119362027	1.0	1.0	4.0
32.58577791783654	1061.8329225105633	1.0	1.0	4.0
32.73031702439834	1071.2736525176197	1.0	1.0	4.0
32.891952400279074	1081.8805327022244	1.0	1.0	4.0
33.3541482345588	1112.499204452922	1.0	1.0	4.0
33.61684847618523	1130.0925014707973	1.0	1.0	4.0
33.93235812249409	1151.4049277531903	1.0	1.0	4.0
34.044420750176485	1159.0225842150471	1.0	1.0	4.0
34.21812625493635	1170.8801643987645	1.0	1.0	4.0
34.446493293810214	1186.560900240512	1.0	1.0	4.0
34.80765762446869	1211.5730293022332	1.0	1.0	4.0
34.84351257496889	1214.0703685620151	1.0	1.0	4.0
35.60091329653684	1267.4250275475333	1.0	1.0	4.0
35.61483371135385	1268.4163802873868	1.0	1.0	4.0
-0.45946117448436474	0.21110457085855186	0.5	0.25	5.0
-0.4194652081934811	0.17595106088480045	0.5	0.25	5.0
-0.3742478171237237	0.14006142862187212	0.5	0.25	5.0
-0.31202613334808427	0.09736030789215647	0.5	0.25	5.0
-0.2865786844544692	0.08212734238365424	0.5	0.25	5.0
-0.2762418572403734	0.07630956369161085	0.5	0.25	5.0
-0.20398179624618723	0.041608573199821045	0.5	0.25	5.0
-0.18704412984838198	0.03498550651073838	0.5	0.25	5.0
-0.09892341378413505	0.009785841794707201	0.5	0.25	5.0
5.684341886080802e-14	3.2311742677852644e-27	0.5	0.25	5.0
27.943026061983765	780.8127055007039	0.5	0.25	5.0
28.37879602656328	805.3560639172838	0.5	0.25	5.0
28.475199901766594	810.8370094455682	0.5	0.25	5.0
28.689279626347883	823.0747654787797	0.5	0.25	5.0
28.781493248773593	828.3743536292	0.5	0.25	5.0
28.962050201474305	838.8003518727179	0.5	0.25	5.0
29.112739171826576	847.5515820868055	0.5	0.25	5.0
29.39666215966387	864.1637461294137	0.5	0.25	5.0
29.566747529314366	874.1925594622172	0.5	0.25	5.0
29.56751669152088	874.2380433033658	0.5	0.25	5.0
29.746348053319295	884.8452225092126	0.5	0.25	5.0
29.84654128705911	890.8160268001242	0.5	0.25	5.0
29.955492947091777	897.3315577032652	0.5	0.25	5.0
30.297785165182297	917.9557859155404	0.5	0.25	5.0
30.335170807735388	920.2225879344812	0.5	0.25	5.0
30.444645364827338	926.8764313901027	0.5	0.25	5.0
30.66538872203268	940.3660654733692	0.5	0.25	5.0
30.76356898251563	946.3971765419977	0.5	0.25	5.0
30.819649638581232	949.8508038449003	0.5	0.25	5.0
30.96471163453316	958.8133666097932	0.5	0.25	5.0
31.052318336531478	964.246474073289	0.5	0.25	5.0
31.182990780984206	972.378914046946	0.5	0.25	5.0
31.478785804264017	990.9139557107338	0.5	0.25	5.0
31.49023834822066	991.6351112277471	0.5	0.25	5.0
31.503376375004233	992.4627230251749	0.5	0.25	5.0
31.60245328855506	998.7150538553046	0.5	0.25	5.0
31.73500481306243	1007.1105304850958	0.5	0.25	5.0
31.774114749407318	1009.5943681085037	0.5	0.25	5.0
31.977429079472255	1022.5559705326779	0.5	0.25	5.0
32.0	1024.0	0.5	0.25	5.0
32.00000000000003	1024.0000000000018	0.5	0.25	5.0
32.00476498078779	1024.3049814754604	0.5	0.25	5.0
32.00722474243084	1024.4624357124771	0.5	0.25	5.0
32.069478806197665	1028.4514709011612	0.5	0.25	5.0
32.28666299517204	1042.4286073638114	0.5	0.25	5.0
32.40969524313586	1050.388345752943	0.5	0.25	5.0
32.521078374242364	1057.6205386236145	0.5	0.25	5.0
32.54079270351813	1058.9031897733387	0.5	0.25	5.0
32.56603668282072	1060.546745226825	0.5	0.25	5.0
32.767899818062666	1073.7352584865914	0.5	0.25	5.0
32.844073044366624	1078.7331341436902	0.5	0.25	5.0
32.99569855920663	1088.7161234100306	0.5	0.25	5.0
33.1975614858077	1102.0780886039825	0.5	0.25	5.0
33.44994307243087	1118.8986915488658	0.5	0.25	5.0
33.473999050515154	1120.5086124338893	0.5	0.25	5.0
33.510350060925084	1122.9435612057418	0.5	0.25	5.0
33.698394649561116	1135.5818019575693	0.5	0.25	5.0
33.947889635859184	1152.4592107284755	0.5	0.25	5.0
34.120951368559666	1164.2393222956136	0.5	0.25	5.0
34.16712424045506	1167.3923788626917	0.5	0.25	5.0
34.21147435618816	1170.4249776241202	0.5	0.25	5.0
34.355807363160146	1180.3214995745689	0.5	0.25	5.0
34.76944392552781	1208.9142308904227	0.5	0.25	5.0
34.78063766832624	1209.6927566153943	0.5	0.25	5.0
34.836240542639345	1213.5636551446291	0.5	0.25	5.0
34.99414748372598	1224.5903581127654	0.5	0.25	5.0
35.37682983888851	1251.5200894496725	0.5	0.25	5.0
35.472077726152044	1258.268298210172	0.5	0.25	5.0
35.734321518939694	1276.9417344189565	0.5	0.25	5.0
35.76198509083839	1278.919577637347	0.5	0.25	5.0
61.53246873073115	3786.244708098407	0.5	0.25	5.0
61.659826546187126	3801.9342097058825	0.5	0.25	5.0
61.74232379173947	3812.114547203998	0.5	0.25	5.0
61.90491305595445	3832.21826046528	0.5	0.25	5.0
61.91757090668156	3833.785586983939	0.5	0.25	5.0
62.235199604858636	3873.2200698565966	0.5	0.25	5.0
62.67222588693136	3927.807897622549	0.5	0.25	5.0
62.86361900919984	3951.8345949338313	0.5	0.25	5.0
62.86419813450086	3951.9074070937813	0.5	0.25	5.0
63.23814211155345	3999.0626177210297	0.5	0.25	5.0
63.24139722105928	3999.4743224718045	0.5	0.25	5.0
63.54464232966862	4037.921568805513	0.5	0.25	5.0
63.73461911675565	4062.101673957915	0.5	0.25	5.0
64.08215237813292	4106.522253414247	0.5	0.25	5.0
64.10137054512944	4108.985705763988	0.5	0.25	5.0
64.17020871179898	4117.815686115841	0.5	0.25	5.0
64.18016164556094	4119.093148850332	0.5	0.25	5.0
64.50387361656169	4160.7497115413635	0.5	0.25	5.0
64.78319204056764	4196.861970965067	0.5	0.25	5.0
65.02535277587741	4228.296503627308	0.5	0.25	5.0
65.0345547957472	4229.493317481045	0.5	0.25	5.0
65.46021877369708	4285.040241900284	0.5	0.25	5.0
65.46711747470205	4285.943470446438	0.5	0.25	5.0
65.87851641046535	4339.978924443953	0.5	0.25	5.0
66.20212211893497	4382.720973050378	0.5	0.25	5.0
66.51218129029904	4423.870259993606	0.5	0.25	5.0
66.52655128161207	4425.782025424961	0.5	0.25	5.0
66.64875390880468	4442.056397596407	0.5	0.25	5.0
66.68682117608186	4447.13211857072	0.5	0.25	5.0
66.8215649988728	4465.121548898583	0.5	0.25	5.0
29.06456766802997	844.7490937294931	0.0	0.0	6.0
29.084461980992533	845.9059287238001	0.0	0.0	6.0
29.178761027456435	851.4000950974105	0.0	0.0	6.0
29.240150369707287	854.9863936430932	0.0	0.0	6.0
29.772575419337688	886.4062471001507	0.0	0.0	6.0
30.15164341864152	909.1216008449085	0.0	0.0	6.0
30.235149846792286	914.1642862579836	0.0	0.0	6.0
30.253967775581067	915.3025661658976	0.0	0.0	6.0
30.541904934076452	932.8079570021636	0.0	0.0	6.0
30.933630654295467	956.8895054563682	0.0	0.0	6.0
30.98352782734634	959.978996627945	0.0	0.0	6.0
31.1482533384725	970.2136860376633	0.0	0.0	6.0
31.381966011250103	984.8277907312568	0.0	0.0	6.0
31.860735534750354	1015.106468815304	0.0	0.0	6.0
32.149212753616744	1033.5718806773136	0.0	0.0	6.0
32.37561099008044	1048.1801869810174	0.0	0.0	6.0
32.44580393415748	1052.730192933789	0.0	0.0	6.0
32.46259842297477	1053.820296371324	0.0	0.0	6.0
32.72716676688671	1071.0674445876139	0.0	0.0	6.0
32.95487533288299	1086.02380820586	0.0	0.0	6.0
33.204151156207416	1102.5156540042703	0.0	0.0	6.0
33.20539000003835	1102.5979250546468	0.0	0.0	6.0
33.23368216869888	1104.4776304900936	0.0	0.0	6.0
33.43894640609849	1118.163136749927	0.0	0.0	6.0
33.47283390899526	1120.430609899183	0.0	0.0	6.0
33.54561733927054	1125.3084426727685	0.0	0.0	6.0
33.6180339887499	1130.1722092687435	0.0	0.0	6.0
33.876943168531646	1147.647278443923	0.0	0.0	6.0
34.06177470649258	1160.2044961558574	0.0	0.0	6.0
34.09139600488975	1162.223281562213	0.0	0.0	6.0
60.45911704990327	3655.3048344539043	0.0	0.0	6.0
60.67161641274471	3681.0450381352334	0.0	0.0	6.0
60.736791723494406	3688.9578688631386	0.0	0.0	6.0
60.79230295567599	3695.704098654692	0.0	0.0	6.0
60.95260132553172	3715.219608349211	0.0	0.0	6.0
61.24384121371122	3750.808086610273	0.0	0.0	6.0
61.39602829337033	3769.47229020033	0.0	0.0	6.0
61.403275953725334	3770.362297849344	0.0	0.0	6.0
61.47747480907375	3779.4799089002972	0.0	0.0	6.0
61.763836778662636	3814.771533621279	0.0	0.0	6.0
61.9328747004601	3835.6809686628903	0.0	0.0	6.0
62.15545479595394	3863.3005608918743	0.0	0.0	6.0
62.18259173794063	3866.6747152474027	0.0	0.0	6.0
62.290923225244185	3880.1591162532654	0.0	0.0	6.0
62.3417169960448	3886.4896780149415	0.0	0.0	6.0
62.45492335806922	3900.6174516623005	0.0	0.0	6.0
62.64387478301355	3924.2550478298813	0.0	0.0	6.0
62.72659452880475	3934.6256611810786	0.0	0.0	6.0
62.76716543728182	3939.7170570311055	0.0	0.0	6.0
62.87680619553311	3953.492757350631	0.0	0.0	6.0
63.07261896689941	3978.1552633436795	0.0	0.0	6.0
63.19773394957417	3993.95357636116	0.0	0.0	6.0
63.34014752782513	4011.974288846652	0.0	0.0	6.0
63.383315136191726	4017.4446376537912	0.0	0.0	6.0
63.43742783691712	4024.3072505640666	0.0	0.0	6.0
63.55671994772151	4039.4566505131015	0.0	0.0	6.0
63.64492266592023	4050.6761811509664	0.0	0.0	6.0
63.694908937778685	4057.041424591919	0.0	0.0	6.0
63.85201104664499	4077.079314700874	0.0	0.0	6.0
63.85442447080665	4077.387524497951	0.0	0.0	6.0
63.90651595349034	4084.0427813137158	0.0	0.0	6.0
64.12142957789368	4111.557731112778	0.0	0.0	6.0
64.3386808613746	4139.4658549818105	0.0	0.0	6.0
64.46347746273815	4155.53992658895	0.0	0.0	6.0
64.48036323818604	4157.717243328414	0.0	0.0	6.0
64.52989917817922	4164.107887945976	0.0	0.0	6.0
64.62208259486928	4176.0135588981075	0.0	0.0	6.0
64.72896375760169	4189.838749132913	0.0	0.0	6.0
64.92542740342027	4215.311123516796	0.0	0.0	6.0
64.93297316473812	4216.2910040126	0.0	0.0	6.0
64.96273541778025	4220.156992960521	0.0	0.0	6.0
65.10436400477379	4238.578212466085	0.0	0.0	6.0
65.12032496386409	4240.656723399261	0.0	0.0	6.0
65.33892837023333	4269.175560570482	0.0	0.0	6.0
65.41859806021037	4279.59297216336	0.0	0.0	6.0
65.4982282119833	4290.0178989090455	0.0	0.0	6.0
65.60069400731996	4303.451054242025	0.0	0.0	6.0
65.98079541886827	4353.465364106548	0.0	0.0	6.0
66.05197289801755	4362.863123720445	0.0	0.0	6.0
66.07763195643203	4366.253444969688	0.0	0.0	6.0
66.10587946071924	4369.987299275142	0.0	0.0	6.0
66.63505224513077	4440.230187711307	0.0	0.0	6.0
66.6626825109295	4443.913239552986	0.0	0.0	6.0
66.99720850228289	4488.625947098367	0.0	0.0	6.0
67.2438333893577	4521.733128895698	0.0	0.0	6.0
67.30903806839342	4530.506605692434	0.0	0.0	6.0
67.58826269947683	4568.1732547334905	0.0	0.0	6.0
67.80137940857361	4597.02704970535	0.0	0.0	6.0
67.82098242838201	4599.685657550901	0.0	0.0	6.0
67.97996305681387	4621.275377205779	0.0	0.0	6.0
96.10483605625463	9236.13951339958	0.0	0.0	6.0
96.110828188456	9237.291295070909	0.0	0.0	6.0
96.1504082332297	9244.901003416726	0.0	0.0	6.0
96.16173841926576	9247.079935815293	0.0	0.0	6.0
96.19845902837845	9254.143519434607	0.0	0.0	6.0
96.2671773759851	9267.369439939377	0.0	0.0	6.0
96.33559816579819	9280.547473962139	0.0	0.0	6.0
96.35481351377047	9284.250087273484	0.0	0.0	6.0
96.40723106346192	9294.354201323737	0.0	0.0	6.0
96.56116606754519	9324.05879232404	0.0	0.0	6.0
60.4465336792801	3653.7834338403436	-0.5	0.25	7.0
60.47017152253184	3656.641643964421	-0.5	0.25	7.0
60.94178753859288	3713.901468398994	-0.5	0.25	7.0
61.527166091004766	3785.5921671900865	-0.5	0.25	7.0
61.583427686022326	3792.518565559541	-0.5	0.25	7.0
61.65251716119572	3801.0328723115326	-0.5	0.25	7.0
62.392639931497335	3892.8415176214758	-0.5	0.25	7.0
62.41224908683598	3895.288836077258	-0.5	0.25	7.0
62.537401577025264	3910.926596006122	-0.5	0.25	7.0
62.68260165677989	3929.108550462545	-0.5	0.25	7.0
62.69190383367749	3930.274806291067	-0.5	0.25	7.0
62.89602177292928	3955.9095548607943	-0.5	0.25	7.0
63.350385591133744	4013.2713545453257	-0.5	0.25	7.0
63.71824598302031	4060.014871152684	-0.5	0.25	7.0
63.73324559685946	4061.926594309606	-0.5	0.25	7.0
63.84456443422491	4076.128407795896	-0.5	0.25	7.0
64.338846789403	4139.4872061902715	-0.5	0.25	7.0
64.35643922616202	4141.751269870686	-0.5	0.25	7.0
64.53996415066072	4165.406972568571	-0.5	0.25	7.0
64.85479992024541	4206.145072695064	-0.5	0.25	7.0
65.00000000000007	4225.000000000009	-0.5	0.25	7.0
65.30972631868669	4265.360351821756	-0.5	0.25	7.0
65.66323127455006	4311.659941415049	-0.5	0.25	7.0
65.93543233197009	4347.4812368038065	-0.5	0.25	7.0
66.08063241172468	4366.649979933478	-0.5	0.25	7.0
66.30287666338694	4396.071453840301	-0.5	0.25	7.0
66.36730672943952	4404.619402519508	-0.5	0.25	7.0
67.05745826660862	4496.702709177956	-0.5	0.25	7.0
67.09086789774518	4501.184555272695	-0.5	0.25	7.0
67.5323504084404	4560.618351688379	-0.5	0.25	7.0
93.84060544569019	8806.059230413699	-0.5	0.25	7.0
94.06539910381096	8848.29930855924	-0.5	0.25	7.0
94.17799620050147	8869.494968341669	-0.5	0.25	7.0
94.23365626809607	8879.981973653681	-0.5	0.25	7.0
94.69738797950168	8967.59529014027	-0.5	0.25	7.0
94.86102001072018	8998.613117474255	-0.5	0.25	7.0
94.90285000295057	9006.550938682536	-0.5	0.25	7.0
95.2931867623841	9080.791443330616	-0.5	0.25	7.0
95.58160411703781	9135.84304558614	-0.5	0.25	7.0
95.6624763810041	9151.309387346168	-0.5	0.25	7.0
95.92124792587211	9200.885803656623	-0.5	0.25	7.0
96.01113678721634	9218.138387173567	-0.5	0.25	7.0
96.74126126072073	9358.871630315027	-0.5	0.25	7.0
96.78295566184039	9366.940506641762	-0.5	0.25	7.0
97.22187136176038	9452.092271082684	-0.5	0.25	7.0
97.40336565350785	9487.415640630952	-0.5	0.25	7.0
98.67834270146238	9737.415318307254	-0.5	0.25	7.0
98.79759107991138	9760.964003193385	-0.5	0.25	7.0
98.8804991209152	9777.353106401313	-0.5	0.25	7.0
98.9347506434624	9788.084884884083	-0.5	0.25	7.0
92.90913210225489	8632.10682799425	-1.0	1.0	8.0
93.91936758827528	8820.847608181573	-1.0	1.0	8.0
94.06456766802997	8848.142890573388	-1.0	1.0	8.0
95.00000000000003	9025.000000000005	-1.0	1.0	8.0
95.14520007975464	9052.609098216542	-1.0	1.0	8.0
96.15543556577511	9245.867788843929	-1.0	1.0	8.0
97.31739834322012	9470.676020292982	-1.0	1.0	8.0
97.4625984229748	9498.958091358052	-1.0	1.0	8.0
98.47283390899526	9696.899018068565	-1.0	1.0	8.0
99.55346632071995	9910.892656470722	-1.0	1.0	8.0
-1.6180339887498951	2.618033988749896	2.0	4.0	4.0
-1.4728339089952556	2.169239723486245	2.0	4.0	4.0
-0.4625984229747755	0.2139973009387493	2.0	4.0	4.0
0.6180339887498945	0.38196601125010465	2.0	4.0	4.0
2.9354323319700257	8.616762975574984	2.0	4.0	4.0
-0.3120261333480528	0.09736030789213682	1.5	2.25	5.0
-0.27624185724044475	0.07630956369165026	1.5	2.25	5.0
-0.1870441298484664	0.03498550651076996	1.5	2.25	5.0
-0.09892341378415637	0.009785841794711418	1.5	2.25	5.0
9.237055564881302e-14	8.532319550870464e-27	1.5	2.25	5.0
28.475199901766622	810.8370094455698	1.5	2.25	5.0
28.689279626347926	823.0747654787822	1.5	2.25	5.0
29.39666215966387	864.1637461294137	1.5	2.25	5.0
29.84654128705905	890.8160268001205	1.5	2.25	5.0
30.33517080773542	920.2225879344832	1.5	2.25	5.0
30.66538872203268	940.3660654733692	1.5	2.25	5.0
31.49023834822069	991.6351112277489	1.5	2.25	5.0
31.503376375004223	992.4627230251742	1.5	2.25	5.0
31.999999999999986	1023.9999999999991	1.5	2.25	5.0
32.00000000000001	1024.0000000000005	1.5	2.25	5.0
32.00476498078774	1024.3049814754572	1.5	2.25	5.0
32.06947880619763	1028.451470901159	1.5	2.25	5.0
32.54079270351816	1058.9031897733405	1.5	2.25	5.0
32.56603668282071	1060.546745226824	1.5	2.25	5.0
33.44994307243085	1118.8986915488645	1.5	2.25	5.0
33.698394649561045	1135.5818019575645	1.5	2.25	5.0
34.16712424045502	1167.392378862689	1.5	2.25	5.0
34.769443925527824	1208.9142308904236	1.5	2.25	5.0
35.47207772615206	1258.268298210173	1.5	2.25	5.0
35.7343215189397	1276.941734418957	1.5	2.25	5.0
29.064567668030023	844.7490937294962	1.0	1.0	6.0
29.084461980992543	845.9059287238007	1.0	1.0	6.0
29.240150369707305	854.9863936430942	1.0	1.0	6.0
29.772575419337684	886.4062471001505	1.0	1.0	6.0
30.253967775581067	915.3025661658976	1.0	1.0	6.0
30.933630654295442	956.8895054563667	1.0	1.0	6.0
30.983527827346336	959.9789966279448	1.0	1.0	6.0
31.381966011250086	984.8277907312556	1.0	1.0	6.0
31.860735534750354	1015.106468815304	1.0	1.0	6.0
32.14921275361675	1033.571880677314	1.0	1.0	6.0
32.44580393415747	1052.7301929337882	1.0	1.0	6.0
32.46259842297481	1053.8202963713263	1.0	1.0	6.0
32.72716676688674	1071.067444587616	1.0	1.0	6.0
33.204151156207416	1102.5156540042703	1.0	1.0	6.0
33.20539000003836	1102.5979250546477	1.0	1.0	6.0
33.47283390899524	1120.4306098991817	1.0	1.0	6.0
33.54561733927052	1125.3084426727671	1.0	1.0	6.0
33.61803398874987	1130.1722092687417	1.0	1.0	6.0
33.87694316853168	1147.6472784439254	1.0	1.0	6.0
34.06177470649261	1160.20449615586	1.0	1.0	6.0
60.6716164127447	3681.0450381352316	1.0	1.0	6.0
60.73679172349439	3688.957868863137	1.0	1.0	6.0
61.2438412137112	3750.8080866102705	1.0	1.0	6.0
61.40327595372532	3770.362297849342	1.0	1.0	6.0
61.763836778662636	3814.771533621279	1.0	1.0	6.0
61.93287470046009	3835.6809686628894	1.0	1.0	6.0
62.15545479595393	3863.3005608918725	1.0	1.0	6.0
62.290923225244164	3880.1591162532627	1.0	1.0	6.0
62.6438747830135	3924.255047829875	1.0	1.0	6.0
62.767165437281804	3939.7170570311036	1.0	1.0	6.0
63.19773394957415	3993.953576361157	1.0	1.0	6.0
63.340147527825124	4011.9742888466512	1.0	1.0	6.0
63.5567199477215	4039.4566505130997	1.0	1.0	6.0
63.69490893777862	4057.041424591911	1.0	1.0	6.0
63.9065159534903	4084.0427813137103	1.0	1.0	6.0
64.33868086137457	4139.465854981806	1.0	1.0	6.0
64.46347746273817	4155.539926588952	1.0	1.0	6.0
64.62208259486927	4176.013558898106	1.0	1.0	6.0
64.72896375760166	4189.8387491329095	1.0	1.0	6.0
64.92542740342026	4215.311123516794	1.0	1.0	6.0
65.1203249638641	4240.656723399263	1.0	1.0	6.0
65.41859806021037	4279.59297216336	1.0	1.0	6.0
65.49822821198327	4290.017898909042	1.0	1.0	6.0
65.98079541886825	4353.465364106546	1.0	1.0	6.0
66.07763195643199	4366.253444969681	1.0	1.0	6.0
66.63505224513081	4440.230187711312	1.0	1.0	6.0
66.6626825109295	4443.913239552986	1.0	1.0	6.0
67.30903806839338	4530.506605692429	1.0	1.0	6.0
67.58826269947687	4568.173254733497	1.0	1.0	6.0
67.97996305681389	4621.27537720578	1.0	1.0	6.0
60.44653367928008	3653.783433840341	0.5	0.25	7.0
60.47017152253183	3656.6416439644195	0.5	0.25	7.0
60.941787538592855	3713.9014683989913	0.5	0.25	7.0
61.52716609100475	3785.592167190085	0.5	0.25	7.0
61.583427686022326	3792.518565559541	0.5	0.25	7.0
61.65251716119571	3801.0328723115317	0.5	0.25	7.0
62.39263993149734	3892.8415176214767	0.5	0.25	7.0
62.41224908683595	3895.288836077255	0.5	0.25	7.0
62.53740157702524	3910.9265960061193	0.5	0.25	7.0
62.68260165677985	3929.1085504625403	0.5	0.25	7.0
62.69190383367748	3930.274806291065	0.5	0.25	7.0
62.896021772929274	3955.9095548607934	0.5	0.25	7.0
63.350385591133744	4013.2713545453257	0.5	0.25	7.0
63.7182459830203	4060.014871152683	0.5	0.25	7.0
63.73324559685946	4061.926594309606	0.5	0.25	7.0
63.84456443422489	4076.128407795894	0.5	0.25	7.0
64.338846789403	4139.4872061902715	0.5	0.25	7.0
64.35643922616204	4141.751269870688	0.5	0.25	7.0
64.5399641506607	4165.406972568568	0.5	0.25	7.0
64.85479992024534	4206.145072695055	0.5	0.25	7.0
64.99999999999993	4224.999999999991	0.5	0.25	7.0
65.30972631868666	4265.360351821752	0.5	0.25	7.0
65.66323127455004	4311.659941415047	0.5	0.25	7.0
65.93543233197002	4347.481236803797	0.5	0.25	7.0
66.08063241172468	4366.649979933478	0.5	0.25	7.0
66.30287666338694	4396.071453840301	0.5	0.25	7.0
66.36730672943952	4404.619402519508	0.5	0.25	7.0
67.05745826660859	4496.702709177953	0.5	0.25	7.0
67.09086789774513	4501.184555272687	0.5	0.25	7.0
67.53235040844037	4560.618351688376	0.5	0.25	7.0
93.84060544569006	8806.059230413675	0.5	0.25	7.0
94.06539910381088	8848.299308559224	0.5	0.25	7.0
94.17799620050144	8869.494968341663	0.5	0.25	7.0
94.23365626809598	8879.981973653667	0.5	0.25	7.0
94.69738797950166	8967.595290140265	0.5	0.25	7.0
94.86102001072028	8998.613117474273	0.5	0.25	7.0
94.90285000295067	9006.550938682554	0.5	0.25	7.0
95.29318676238401	9080.7914433306	0.5	0.25	7.0
95.58160411703781	9135.84304558614	0.5	0.25	7.0
95.66247638100407	9151.309387346162	0.5	0.25	7.0
95.92124792587208	9200.885803656618	0.5	0.25	7.0
96.01113678721626	9218.13838717355	0.5	0.25	7.0
96.7412612607207	9358.871630315021	0.5	0.25	7.0
96.78295566184042	9366.940506641768	0.5	0.25	7.0
97.2218713617603	9452.092271082665	0.5	0.25	7.0
97.40336565350792	9487.415640630967	0.5	0.25	7.0
98.67834270146238	9737.415318307254	0.5	0.25	7.0
98.79759107991137	9760.964003193383	0.5	0.25	7.0
98.88049912091526	9777.353106401324	0.5	0.25	7.0
98.93475064346237	9788.084884884076	0.5	0.25	7.0
92.90913210225486	8632.106827994245	0.0	0.0	8.0
93.29651154355577	8704.239066196835	0.0	0.0	8.0
93.6490848157481	8770.151086827182	0.0	0.0	8.0
93.9193675882753	8820.847608181579	0.0	0.0	8.0
94.06456766803	8848.142890573394	0.0	0.0	8.0
94.19954275532137	8873.55385531162	0.0	0.0	8.0
94.9686358446844	9019.041794200275	0.0	0.0	8.0
95.00000000000001	9025.000000000002	0.0	0.0	8.0
95.14520007975467	9052.609098216548	0.0	0.0	8.0
95.17182061122071	9057.675438454375	0.0	0.0	8.0
96.15543556577511	9245.867788843929	0.0	0.0	8.0
96.18094647954337	9250.774465700786	0.0	0.0	8.0
96.47678214702573	9307.769493444663	0.0	0.0	8.0
97.11253638980742	9430.84472406167	0.0	0.0	8.0
97.3173983432201	9470.67602029298	0.0	0.0	8.0
97.46259842297478	9498.958091358047	0.0	0.0	8.0
98.00263786712546	9604.517028914932	0.0	0.0	8.0
98.47283390899526	9696.899018068565	0.0	0.0	8.0
99.55346632071992	9910.892656470716	0.0	0.0	8.0
100.03282924785033	10006.56692732958	0.0	0.0	8.0
128.05971133749262	16399.289667841935	0.0	0.0	8.0
128.07681216734733	16403.669814949968	0.0	0.0	8.0
128.16151624289125	16425.374245676878	0.0	0.0	8.0
128.195721260116	16434.142949401354	0.0	0.0	8.0
128.41491129027014	16490.38944168795	0.0	0.0	8.0
126.38196601125009	15972.401332868772	-0.5	0.25	9.0
126.5271660910047	16009.12375902069	-0.5	0.25	9.0
127.53740157702521	16265.788801019391	-0.5	0.25	9.0
128.61803398874994	16542.598667131235	-0.5	0.25	9.0
130.93543233197	17144.087439959894	-0.5	0.25	9.0
0.0	0.0	2.5	6.25	5.0
29.064567668029976	844.7490937294934	2.0	4.0	6.0
31.381966011250103	984.8277907312568	2.0	4.0	6.0
32.46259842297477	1053.820296371324	2.0	4.0	6.0
33.472833908995256	1120.4306098991826	2.0	4.0	6.0
33.6180339887499	1130.1722092687435	2.0	4.0	6.0
60.44653367928008	3653.783433840341	1.5	2.25	7.0
61.52716609100476	3785.592167190086	1.5	2.25	7.0
62.53740157702523	3910.9265960061175	1.5	2.25	7.0
62.68260165677987	3929.108550462543	1.5	2.25	7.0
63.8445644342249	4076.128407795895	1.5	2.25	7.0
64.85479992024528	4206.145072695048	1.5	2.25	7.0
65.00000000000001	4225.000000000002	1.5	2.25	7.0
65.93543233197002	4347.481236803797	1.5	2.25	7.0
66.08063241172468	4366.649979933478	1.5	2.25	7.0
67.09086789774517	4501.184555272694	1.5	2.25	7.0
92.90913210225489	8632.10682799425	1.0	1.0	8.0
93.91936758827528	8820.847608181573	1.0	1.0	8.0
94.06456766802997	8848.142890573388	1.0	1.0	8.0
95.00000000000003	9025.000000000005	1.0	1.0	8.0
95.14520007975464	9052.609098216542	1.0	1.0	8.0
96.15543556577511	9245.867788843929	1.0	1.0	8.0
97.31739834322012	9470.676020292982	1.0	1.0	8.0
97.4625984229748	9498.958091358052	1.0	1.0	8.0
98.47283390899526	9696.899018068565	1.0	1.0	8.0
99.55346632071995	9910.892656470722	1.0	1.0	8.0
126.38196601125009	15972.401332868772	0.5	0.25	9.0
126.5271660910047	16009.12375902069	0.5	0.25	9.0
127.53740157702521	16265.788801019391	0.5	0.25	9.0
128.61803398874994	16542.598667131235	0.5	0.25	9.0
130.93543233197	17144.087439959894	0.5	0.25	9.0
160.0	25600.0	0.0	0.0	10.0
