E	Esq	M	Msq	N_tot
0.0	0.0	0.0	0.0	0.0
-1.7320508075688734	2.9999999999999867	-0.5	0.25	1.0
-0.9999999999999976	0.9999999999999951	-0.5	0.25	1.0
8.881784197001252e-16	7.888609052210118e-31	-0.5	0.25	1.0
1.000000000000001	1.0000000000000022	-0.5	0.25	1.0
1.7320508075688772	2.9999999999999996	-0.5	0.25	1.0
-2.732050807568871	7.46410161513772	-1.0	1.0	2.0
-1.7320508075688736	2.9999999999999876	-1.0	1.0	2.0
-0.9999999999999964	0.9999999999999929	-1.0	1.0	2.0
-0.732050807568875	0.5358983848622421	-1.0	1.0	2.0
-8.881784197001252e-16	7.888609052210118e-31	-1.0	1.0	2.0
0.0	0.0	-1.0	1.0	2.0
0.7320508075688785	0.5358983848622472	-1.0	1.0	2.0
1.0000000000000018	1.0000000000000036	-1.0	1.0	2.0
1.7320508075688767	2.9999999999999982	-1.0	1.0	2.0
2.7320508075688767	7.464101615137752	-1.0	1.0	2.0
-2.732050807568872	7.464101615137725	-1.5	2.25	3.0
-1.7320508075688745	2.9999999999999902	-1.5	2.25	3.0
-0.9999999999999982	0.9999999999999964	-1.5	2.25	3.0
-0.7320508075688759	0.5358983848622433	-1.5	2.25	3.0
-1.3322676295501878e-15	1.7749370367472766e-30	-1.5	2.25	3.0
-5.967018938954981e-17	3.5605315017847426e-33	-1.5	2.25	3.0
0.7320508075688781	0.5358983848622466	-1.5	2.25	3.0
1.0000000000000013	1.0000000000000027	-1.5	2.25	3.0
1.7320508075688772	2.9999999999999996	-1.5	2.25	3.0
2.732050807568877	7.464101615137754	-1.5	2.25	3.0
-1.7320508075688734	2.9999999999999867	-2.0	4.0	4.0
-0.9999999999999976	0.9999999999999951	-2.0	4.0	4.0
8.881784197001252e-16	7.888609052210118e-31	-2.0	4.0	4.0
1.000000000000001	1.0000000000000022	-2.0	4.0	4.0
1.7320508075688772	2.9999999999999996	-2.0	4.0	4.0
0.0	0.0	-2.5	6.25	5.0
-1.7320508075688734	2.9999999999999867	0.5	0.25	1.0
-0.9999999999999976	0.9999999999999951	0.5	0.25	1.0
8.881784197001252e-16	7.888609052210118e-31	0.5	0.25	1.0
1.000000000000001	1.0000000000000022	0.5	0.25	1.0
1.7320508075688772	2.9999999999999996	0.5	0.25	1.0
-2.77286488681295	7.688779680520194	0.0	0.0	2.0
-2.732050807568878	7.464101615137759	0.0	0.0	2.0
-1.7837117469595007	3.181627596241314	0.0	0.0	2.0
-1.7320508075688765	2.9999999999999973	0.0	0.0	2.0
-1.07209830556701	1.1493947767996537	0.0	0.0	2.0
-0.9999999999999987	0.9999999999999973	0.0	0.0	2.0
-0.7738348765800476	0.5988204162116575	0.0	0.0	2.0
-0.7320508075688732	0.5358983848622394	0.0	0.0	2.0
-0.06225763183455557	0.0038760127216470675	0.0	0.0	2.0
-0.020818283982432018	0.0004334009479731855	0.0	0.0	2.0
-1.1579279202145187e-16	1.340797068412321e-32	0.0	0.0	2.0
4.440892098500626e-15	1.9721522630525295e-29	0.0	0.0	2.0
0.6906786493931287	0.4770369967275164	0.0	0.0	2.0
0.7320508075688772	0.5358983848622453	0.0	0.0	2.0
0.926941173070805	0.8592199383338801	0.0	0.0	2.0
0.9999999999999982	0.9999999999999964	0.0	0.0	2.0
1.6798337247728088	2.8218413428840887	0.0	0.0	2.0
1.732050807568878	3.0000000000000027	0.0	0.0	2.0
2.6897089301782064	7.234534129080392	0.0	0.0	2.0
2.732050807568878	7.464101615137759	0.0	0.0	2.0
32.000000000000036	1024.0000000000023	0.0	0.0	2.0
32.02385754821245	1025.5274522682034	0.0	0.0	2.0
32.08619599812405	1029.5239736300316	0.0	0.0	2.0
32.16309638979129	1034.4647693790057	0.0	0.0	2.0
32.22527331819389	1038.4682404322991	0.0	0.0	2.0
-2.8548356888109696	8.150086810108803	-0.5	0.25	3.0
-2.773451393506181	7.692032632141378	-0.5	0.25	3.0
-2.7320508075688767	7.464101615137752	-0.5	0.25	3.0
-1.8404466285252261	3.3872437924498717	-0.5	0.25	3.0
-1.7683800671749583	3.12716806198171	-0.5	0.25	3.0
-1.7320508075688776	3.0000000000000013	-0.5	0.25	3.0
-1.0768864646506247	1.159684457747721	-0.5	0.25	3.0
-1.0258950839533922	1.0524607232797376	-0.5	0.25	3.0
-1.000000000000003	1.0000000000000062	-0.5	0.25	3.0
-0.8570029924213214	0.7344541290190995	-0.5	0.25	3.0
-0.7736939387243909	0.5986023108188615	-0.5	0.25	3.0
-0.7320508075688781	0.5358983848622466	-0.5	0.25	3.0
-0.1554535486583153	0.0241658057904632	-0.5	0.25	3.0
-0.09347684116813326	0.008737919834772413	-0.5	0.25	3.0
-0.05194353562289633	0.0026981308930071	-0.5	0.25	3.0
-0.031219538185059292	0.0009746595644883752	-0.5	0.25	3.0
-3.552713678800501e-15	1.262177448353619e-29	-0.5	0.25	3.0
2.0210070596216045e-15	4.084469535040364e-30	-0.5	0.25	3.0
0.6080124856796734	0.369679182742375	-0.5	0.25	3.0
0.6905107638292662	0.4768051149640767	-0.5	0.25	3.0
0.7320508075688781	0.5358983848622466	-0.5	0.25	3.0
0.9209360127918629	0.8481231396569743	-0.5	0.25	3.0
0.9738611966554025	0.9484056303510925	-0.5	0.25	3.0
0.9999999999999973	0.9999999999999947	-0.5	0.25	3.0
1.6223997545965143	2.6321809637148297	-0.5	0.25	3.0
1.6955818723581078	2.8749978858694263	-0.5	0.25	3.0
1.73205080756887	2.999999999999975	-0.5	0.25	3.0
2.6058456370039216	6.790431483892374	-0.5	0.25	3.0
2.6902682355217498	7.237543179057309	-0.5	0.25	3.0
2.7320508075688736	7.464101615137735	-0.5	0.25	3.0
30.267949192431118	916.1487483155915	-0.5	0.25	3.0
30.301492861091695	918.180469610791	-0.5	0.25	3.0
30.382428484981247	923.0919606449999	-0.5	0.25	3.0
30.46353371936256	928.0268866707396	-0.5	0.25	3.0
31.000000000000007	961.0000000000005	-0.5	0.25	3.0
31.027478139269114	962.7043996828228	-0.5	0.25	3.0
31.094006265720402	966.8372256526596	-0.5	0.25	3.0
31.160877120194655	971.0002628998708	-0.5	0.25	3.0
31.99999999999998	1023.9999999999986	-0.5	0.25	3.0
32.02438852349133	1025.5614603035233	-0.5	0.25	3.0
32.08315624815574	1029.3289148435747	-0.5	0.25	3.0
32.14187875909428	1033.1003701643162	-0.5	0.25	3.0
33.00000000000001	1089.0000000000005	-0.5	0.25	3.0
33.02739459367019	1090.8087936459947	-0.5	0.25	3.0
33.09303797275001	1095.149162265874	-0.5	0.25	3.0
33.158068040295156	1099.457476164843	-0.5	0.25	3.0
33.73205080756889	1137.851251684409	-0.5	0.25	3.0
33.76554646361285	1140.1121279863983	-0.5	0.25	3.0
33.845974857366635	1145.5500140454944	-0.5	0.25	3.0
33.92600771390915	1150.9739994042232	-0.5	0.25	3.0
-1.9260077139091365	3.709505714037498	-1.0	1.0	4.0
-1.8459748573666843	3.4076231740299505	-1.0	1.0	4.0
-1.765546463612878	3.1171543151759393	-1.0	1.0	4.0
-1.7320508075688514	2.9999999999999103	-1.0	1.0	4.0
-1.1580680402951415	1.3411215859530297	-1.0	1.0	4.0
-1.0930379727500181	1.1947320098734693	-1.0	1.0	4.0
-1.0273945936701683	1.0555396511026902	-1.0	1.0	4.0
-0.9999999999999898	0.9999999999999796	-1.0	1.0	4.0
-0.1418787590942827	0.02012958228213351	-1.0	1.0	4.0
-0.08315624815578815	0.00691496160734702	-1.0	1.0	4.0
-0.024388523491330513	0.0005948000780871803	-1.0	1.0	4.0
5.5257881603765213e-14	3.053433479335734e-27	-1.0	1.0	4.0
0.8391228798053731	0.7041272074128627	-1.0	1.0	4.0
0.9059937342795834	0.8208246465538643	-1.0	1.0	4.0
0.9725218607308966	0.9457987695994855	-1.0	1.0	4.0
1.0000000000000113	1.0000000000000226	-1.0	1.0	4.0
1.5364662806374128	2.360728631535765	-1.0	1.0	4.0
1.6175715150187244	2.6165376061999712	-1.0	1.0	4.0
1.698507138908269	2.884926500922354	-1.0	1.0	4.0
1.732050807568875	2.999999999999992	-1.0	1.0	4.0
29.26794919243112	856.6128499307296	-1.0	1.0	4.0
29.309731764478244	859.0603761056649	-1.0	1.0	4.0
29.39415436299608	864.0163107156415	-1.0	1.0	4.0
30.26794919243112	916.1487483155918	-1.0	1.0	4.0
30.304418127641892	918.3577580549505	-1.0	1.0	4.0
30.37760024540348	922.7985966695377	-1.0	1.0	4.0
30.999999999999996	960.9999999999998	-1.0	1.0	4.0
31.026138803344587	962.6212890444046	-1.0	1.0	4.0
31.079063987208137	965.9082183209778	-1.0	1.0	4.0
31.267949192431118	977.6846467004538	-1.0	1.0	4.0
31.30948923617072	980.2841162298902	-1.0	1.0	4.0
31.39198751432032	985.4568800992429	-1.0	1.0	4.0
31.999999999999996	1023.9999999999998	-1.0	1.0	4.0
32.0	1024.0	-1.0	1.0	4.0
32.031219538185056	1025.999025103408	-1.0	1.0	4.0
32.0519435356229	1027.3270844107583	-1.0	1.0	4.0
32.093476841168126	1029.991255754595	-1.0	1.0	4.0
32.15545354865831	1033.9731929199222	-1.0	1.0	4.0
32.732050807568875	1071.3871500692703	-1.0	1.0	4.0
32.77369393872438	1074.1150143891791	-1.0	1.0	4.0
32.85700299242132	1079.5826456439836	-1.0	1.0	4.0
32.99999999999999	1088.9999999999995	-1.0	1.0	4.0
33.02589508395339	1090.7097460962964	-1.0	1.0	4.0
33.07688646465062	1094.0804181953874	-1.0	1.0	4.0
33.732050807568875	1137.851251684408	-1.0	1.0	4.0
33.76838006717496	1140.3034923611792	-1.0	1.0	4.0
33.84044662852523	1145.1758280180645	-1.0	1.0	4.0
34.73205080756888	1206.3153532995461	-1.0	1.0	4.0
34.773451393506186	1209.1929218165374	-1.0	1.0	4.0
34.85483568881097	1214.859570894011	-1.0	1.0	4.0
-0.22527331819384955	0.05074806789006739	-1.5	2.25	5.0
-0.16309638979121388	0.026600432362927574	-1.5	2.25	5.0
-0.08619599812396928	0.007429750092587315	-1.5	2.25	5.0
-0.02385754821244414	0.0005691826067090967	-1.5	2.25	5.0
-1.4151874117018792e-14	2.0027554102394642e-28	-1.5	2.25	5.0
29.26794919243111	856.6128499307289	-1.5	2.25	5.0
29.310291069821783	859.0931625976746	-1.5	2.25	5.0
30.267949192431118	916.1487483155915	-1.5	2.25	5.0
30.320166275227187	919.3124829574241	-1.5	2.25	5.0
31.0	961.0	-1.5	2.25	5.0
31.0730588269292	965.5349848618026	-1.5	2.25	5.0
31.26794919243112	977.684646700454	-1.5	2.25	5.0
31.309321350606872	980.2736034355673	-1.5	2.25	5.0
31.999999999999986	1023.9999999999991	-1.5	2.25	5.0
31.999999999999996	1023.9999999999998	-1.5	2.25	5.0
32.020818283982436	1025.3328035758238	-1.5	2.25	5.0
32.06225763183454	1027.9883644501322	-1.5	2.25	5.0
32.732050807568875	1071.3871500692703	-1.5	2.25	5.0
32.773834876580054	1074.1242525173352	-1.5	2.25	5.0
33.0	1089.0	-1.5	2.25	5.0
33.07209830556701	1093.7636863330883	-1.5	2.25	5.0
33.732050807568875	1137.851251684408	-1.5	2.25	5.0
33.7837117469595	1141.339179401649	-1.5	2.25	5.0
34.732050807568875	1206.3153532995457	-1.5	2.25	5.0
34.77286488681295	1209.1521324365488	-1.5	2.25	5.0
30.26794919243113	916.1487483155922	-2.0	4.0	6.0
31.000000000000004	961.0000000000002	-2.0	4.0	6.0
32.0	1024.0	-2.0	4.0	6.0
33.0	1089.0	-2.0	4.0	6.0
33.732050807568875	1137.851251684408	-2.0	4.0	6.0
-2.732050807568871	7.46410161513772	1.0	1.0	2.0
-1.7320508075688736	2.9999999999999876	1.0	1.0	2.0
-0.9999999999999964	0.9999999999999929	1.0	1.0	2.0
-0.732050807568875	0.5358983848622421	1.0	1.0	2.0
-8.881784197001252e-16	7.888609052210118e-31	1.0	1.0	2.0
0.0	0.0	1.0	1.0	2.0
0.7320508075688785	0.5358983848622472	1.0	1.0	2.0
1.0000000000000018	1.0000000000000036	1.0	1.0	2.0
1.7320508075688767	2.9999999999999982	1.0	1.0	2.0
2.7320508075688767	7.464101615137752	1.0	1.0	2.0
-2.8548356888109687	8.150086810108798	0.5	0.25	3.0
-2.773451393506179	7.692032632141365	0.5	0.25	3.0
-2.732050807568879	7.464101615137764	0.5	0.25	3.0
-1.8404466285252272	3.3872437924498757	0.5	0.25	3.0
-1.7683800671749583	3.12716806198171	0.5	0.25	3.0
-1.7320508075688787	3.000000000000005	0.5	0.25	3.0
-1.0768864646506204	1.159684457747712	0.5	0.25	3.0
-1.0258950839533905	1.052460723279734	0.5	0.25	3.0
-0.9999999999999953	0.9999999999999907	0.5	0.25	3.0
-0.8570029924213205	0.7344541290190979	0.5	0.25	3.0
-0.7736939387243864	0.5986023108188546	0.5	0.25	3.0
-0.7320508075688807	0.5358983848622505	0.5	0.25	3.0
-0.1554535486583135	0.024165805790462645	0.5	0.25	3.0
-0.0934768411681337	0.008737919834772496	0.5	0.25	3.0
-0.05194353562289544	0.0026981308930070077	0.5	0.25	3.0
-0.031219538185058404	0.0009746595644883198	0.5	0.25	3.0
2.338000669802054e-15	5.466247131994853e-30	0.5	0.25	3.0
2.6645352591003757e-15	7.099748146989106e-30	0.5	0.25	3.0
0.6080124856796743	0.3696791827423761	0.5	0.25	3.0
0.6905107638292676	0.4768051149640785	0.5	0.25	3.0
0.732050807568879	0.5358983848622478	0.5	0.25	3.0
0.9209360127918664	0.8481231396569807	0.5	0.25	3.0
0.9738611966554047	0.9484056303510968	0.5	0.25	3.0
1.0000000000000009	1.0000000000000018	0.5	0.25	3.0
1.6223997545965125	2.632180963714824	0.5	0.25	3.0
1.6955818723581095	2.8749978858694325	0.5	0.25	3.0
1.7320508075688745	2.9999999999999902	0.5	0.25	3.0
2.6058456370039207	6.79043148389237	0.5	0.25	3.0
2.6902682355217507	7.2375431790573135	0.5	0.25	3.0
2.732050807568877	7.464101615137754	0.5	0.25	3.0
30.267949192431114	916.1487483155913	0.5	0.25	3.0
30.301492861091692	918.1804696107907	0.5	0.25	3.0
30.382428484981244	923.0919606449996	0.5	0.25	3.0
30.463533719362562	928.0268866707398	0.5	0.25	3.0
31.00000000000001	961.0000000000007	0.5	0.25	3.0
31.027478139269117	962.704399682823	0.5	0.25	3.0
31.09400626572039	966.837225652659	0.5	0.25	3.0
31.160877120194645	971.0002628998701	0.5	0.25	3.0
31.999999999999964	1023.9999999999977	0.5	0.25	3.0
32.02438852349133	1025.5614603035233	0.5	0.25	3.0
32.08315624815573	1029.3289148435742	0.5	0.25	3.0
32.141878759094276	1033.1003701643158	0.5	0.25	3.0
33.00000000000001	1089.0000000000005	0.5	0.25	3.0
33.02739459367019	1090.8087936459947	0.5	0.25	3.0
33.093037972750004	1095.1491622658737	0.5	0.25	3.0
33.15806804029516	1099.4574761648435	0.5	0.25	3.0
33.732050807568896	1137.8512516844094	0.5	0.25	3.0
33.76554646361284	1140.1121279863978	0.5	0.25	3.0
33.84597485736663	1145.550014045494	0.5	0.25	3.0
33.926007713909165	1150.973999404224	0.5	0.25	3.0
-2.000380320559726	4.001521426882633	0.0	0.0	4.0
-1.9260077139091334	3.709505714037486	0.0	0.0	4.0
-1.845974857366623	3.407623174029724	0.0	0.0	4.0
-1.8044969569979559	3.2562092678148824	0.0	0.0	4.0
-1.7655464636128368	3.117154315175794	0.0	0.0	4.0
-1.7320508075688748	2.999999999999991	0.0	0.0	4.0
-1.218354871396485	1.4843885926555453	0.0	0.0	4.0
-1.1580680402951615	1.3411215859530758	0.0	0.0	4.0
-1.0930379727500081	1.1947320098734475	0.0	0.0	4.0
-1.0591843823494598	1.1218715558130066	0.0	0.0	4.0
-1.0273945936701683	1.0555396511026902	0.0	0.0	4.0
-0.9999999999999984	0.9999999999999969	0.0	0.0	4.0
-0.1967217616635526	0.03869945151201159	0.0	0.0	4.0
-0.1418787590942865	0.02012958228213458	0.0	0.0	4.0
-0.08315624815573841	0.006914961607338748	0.0	0.0	4.0
-0.05279071134812541	0.0027868592046410966	0.0	0.0	4.0
-0.024388523491324143	0.0005948000780868696	0.0	0.0	4.0
-4.440892098500626e-16	1.9721522630525295e-31	0.0	0.0	4.0
0.7762528772690227	0.6025685294684364	0.0	0.0	4.0
0.8391228798053563	0.7041272074128344	0.0	0.0	4.0
0.9059937342796194	0.8208246465539296	0.0	0.0	4.0
0.9404243891408441	0.8843980316909299	0.0	0.0	4.0
0.9725218607308803	0.9457987695994537	0.0	0.0	4.0
0.9999999999999996	0.9999999999999991	0.0	0.0	4.0
1.4606031025223816	2.1333614230980067	0.0	0.0	4.0
1.5364662806374154	2.360728631535773	0.0	0.0	4.0
1.617571515018763	2.6165376062000965	0.0	0.0	4.0
1.6593788724166116	2.7535382422226253	0.0	0.0	4.0
1.6985071389082993	2.8849265009224565	0.0	0.0	4.0
1.7320508075688705	2.9999999999999765	0.0	0.0	4.0
29.227135113187057	854.2254269244918	0.0	0.0	4.0
29.267949192431114	856.6128499307291	0.0	0.0	4.0
29.26966792607932	856.7134605029565	0.0	0.0	4.0
29.309731764478244	859.0603761056649	0.0	0.0	4.0
29.35555701134777	861.7487274464892	0.0	0.0	4.0
29.394154362996073	864.016310715641	0.0	0.0	4.0
30.216288253040503	913.0240757908335	0.0	0.0	4.0
30.253049747151316	915.2470190036123	0.0	0.0	4.0
30.267949192431164	916.1487483155944	0.0	0.0	4.0
30.304418127641917	918.357758054952	0.0	0.0	4.0
30.326844100499123	919.7174730959784	0.0	0.0	4.0
30.377600245403457	922.7985966695362	0.0	0.0	4.0
30.92790169443298	956.5351032205103	0.0	0.0	4.0
30.954550473901467	958.1841950413135	0.0	0.0	4.0
30.999999999999982	960.9999999999989	0.0	0.0	4.0
31.008539837534133	961.5295428559414	0.0	0.0	4.0
31.026138803344637	962.6212890444077	0.0	0.0	4.0
31.07906398720811	965.908218320976	0.0	0.0	4.0
31.226165123419946	975.0733883150882	0.0	0.0	4.0
31.267486636073933	977.6557205370619	0.0	0.0	4.0
31.267949192431132	977.6846467004547	0.0	0.0	4.0
31.30948923617074	980.2841162298915	0.0	0.0	4.0
31.349531384205193	982.7931180092663	0.0	0.0	4.0
31.391987514320327	985.4568800992433	0.0	0.0	4.0
31.937742368165424	1020.0193875753088	0.0	0.0	4.0
31.968961781729963	1022.014517401711	0.0	0.0	4.0
31.97918171601758	1022.6680632260732	0.0	0.0	4.0
31.999999999999982	1023.9999999999989	0.0	0.0	4.0
32.0	1024.0	0.0	0.0	4.0
32.03109837014412	1025.9912627978495	0.0	0.0	4.0
32.03121949380004	1025.9990222599956	0.0	0.0	4.0
32.03121953818498	1025.999025103403	0.0	0.0	4.0
32.051943535622904	1027.3270844107587	0.0	0.0	4.0
32.093476841168105	1029.9912557545936	0.0	0.0	4.0
32.13450128598317	1032.626172898854	0.0	0.0	4.0
32.15545354865829	1033.9731929199213	0.0	0.0	4.0
32.69067864939313	1068.6804705578877	0.0	0.0	4.0
32.732050807568875	1071.3871500692703	0.0	0.0	4.0
32.73251339953711	1071.4174334508766	0.0	0.0	4.0
32.77369393872436	1074.1150143891775	0.0	0.0	4.0
32.81616948104713	1076.9009794088092	0.0	0.0	4.0
32.857002992421315	1079.5826456439831	0.0	0.0	4.0
32.926941173070816	1084.183455014866	0.0	0.0	4.0
32.95237986570203	1085.8593388135243	0.0	0.0	4.0
32.999999999999986	1088.999999999999	0.0	0.0	4.0
33.00252025107304	1089.166342922486	0.0	0.0	4.0
33.02589508395339	1090.7097460962964	0.0	0.0	4.0
33.07688646465066	1094.0804181953902	0.0	0.0	4.0
33.67983372477282	1134.3311997283447	0.0	0.0	4.0
33.71589746813144	1136.7617420815518	0.0	0.0	4.0
33.7320508075689	1137.8512516844098	0.0	0.0	4.0
33.76838006717498	1140.3034923611806	0.0	0.0	4.0
33.78745789879061	1141.5923112625483	0.0	0.0	4.0
33.840446628525235	1145.175828018065	0.0	0.0	4.0
34.689708930178206	1203.3759056604856	0.0	0.0	4.0
34.73033256602997	1206.196000147042	0.0	0.0	4.0
34.73205080756887	1206.3153532995452	0.0	0.0	4.0
34.77345139350617	1209.1929218165362	0.0	0.0	4.0
34.810144275561534	1211.7461444854093	0.0	0.0	4.0
34.85483568881098	1214.8595708940115	0.0	0.0	4.0
63.999999999999986	4095.999999999998	0.0	0.0	4.0
64.02385754821242	4099.054335353796	0.0	0.0	4.0
64.05137715939182	4102.57891601466	0.0	0.0	4.0
64.08619599812403	4107.040517509968	0.0	0.0	4.0
64.09899419013345	4108.681056186762	0.0	0.0	4.0
64.1630963897912	4116.9029383256375	0.0	0.0	4.0
64.20697427244387	4122.535545222269	0.0	0.0	4.0
64.2252733181938	4124.885732796696	0.0	0.0	4.0
64.27491415080576	4131.26458909345	0.0	0.0	4.0
64.36458673586904	4142.800025679208	0.0	0.0	4.0
-0.36458673586901114	0.1329234879716201	-0.5	0.25	5.0
-0.2749141508058148	0.0755777903132823	-0.5	0.25	5.0
-0.22527331819381297	0.0507480678900509	-0.5	0.25	5.0
-0.20697427244372485	0.04283834945360924	-0.5	0.25	5.0
-0.16309638979119884	0.026600432362922668	-0.5	0.25	5.0
-0.09899419013348407	0.009799849680184394	-0.5	0.25	5.0
-0.08619599812405901	0.0074297500926027845	-0.5	0.25	5.0
-0.05137715939182355	0.002639612507172843	-0.5	0.25	5.0
-0.023857548212406487	0.0005691826067073	-0.5	0.25	5.0
-6.63358257213531e-14	4.400441774133732e-27	-0.5	0.25	5.0
29.145164311189035	849.440602726207	-0.5	0.25	5.0
29.189855724438466	852.0476772135331	-0.5	0.25	5.0
29.22654860649381	854.1911434477453	-0.5	0.25	5.0
29.267949192431132	856.6128499307301	-0.5	0.25	5.0
29.26966743397004	856.7134316952063	-0.5	0.25	5.0
29.310291069821787	859.0931625976748	-0.5	0.25	5.0
30.159553371474814	909.5986595668378	-0.5	0.25	5.0
30.212542101209383	912.7977002173495	-0.5	0.25	5.0
30.23161993282503	913.9508437627836	-0.5	0.25	5.0
30.267949192431104	916.1487483155908	-0.5	0.25	5.0
30.28410253186857	917.1268661607284	-0.5	0.25	5.0
30.320166275227216	919.3124829574258	-0.5	0.25	5.0
30.923113535349373	956.2389507201076	-0.5	0.25	5.0
30.974104916046603	959.3951753502623	-0.5	0.25	5.0
30.997479748926974	960.8437507851379	-0.5	0.25	5.0
31.000000000000007	961.0000000000005	-0.5	0.25	5.0
31.047620134297976	963.954716003665	-0.5	0.25	5.0
31.073058826929188	965.534984861802	-0.5	0.25	5.0
31.14299700757868	969.8862626140545	-0.5	0.25	5.0
31.183830518952853	972.4312858347754	-0.5	0.25	5.0
31.226306061275622	975.0821902324586	-0.5	0.25	5.0
31.267486600462885	977.6557183101261	-0.5	0.25	5.0
31.267949192431136	977.6846467004549	-0.5	0.25	5.0
31.309321350606886	980.2736034355682	-0.5	0.25	5.0
31.844546451341706	1014.0751386916596	-0.5	0.25	5.0
31.865498714016844	1015.4100082930091	-0.5	0.25	5.0
31.90652315883188	1018.0262200850751	-0.5	0.25	5.0
31.948056464377075	1020.6783118510258	-0.5	0.25	5.0
31.968780461814937	1022.0029242157204	-0.5	0.25	5.0
31.968780506199984	1022.0029270535921	-0.5	0.25	5.0
31.968901629855925	1022.0106714194048	-0.5	0.25	5.0
31.999999999999993	1023.9999999999995	-0.5	0.25	5.0
32.00000000000002	1024.0000000000014	-0.5	0.25	5.0
32.020818283982464	1025.3328035758257	-0.5	0.25	5.0
32.031038218270005	1025.9874093402736	-0.5	0.25	5.0
32.06225763183456	1027.9883644501335	-0.5	0.25	5.0
32.60801248567969	1063.2824782662424	-0.5	0.25	5.0
32.650468615794814	1066.0531008310022	-0.5	0.25	5.0
32.69051076382926	1068.6694940000366	-0.5	0.25	5.0
32.73205080756889	1071.3871500692712	-0.5	0.25	5.0
32.73251336392605	1071.4174311195977	-0.5	0.25	5.0
32.77383487658007	1074.1242525173361	-0.5	0.25	5.0
32.92093601279187	1083.7880279583367	-0.5	0.25	5.0
32.97386119665543	1087.2755222162984	-0.5	0.25	5.0
32.99146016246586	1088.436443651572	-0.5	0.25	5.0
33.000000000000014	1089.000000000001	-0.5	0.25	5.0
33.04544952609852	1092.001734381925	-0.5	0.25	5.0
33.07209830556702	1093.7636863330888	-0.5	0.25	5.0
33.6223997545965	1130.4657652578908	-0.5	0.25	5.0
33.67315589950086	1133.8814282320898	-0.5	0.25	5.0
33.6955818723581	1135.3922377167876	-0.5	0.25	5.0
33.73205080756884	1137.8512516844055	-0.5	0.25	5.0
33.74695025284867	1138.8566513682429	-0.5	0.25	5.0
33.783711746959504	1141.3391794016495	-0.5	0.25	5.0
34.60584563700394	1197.5645522521445	-0.5	0.25	5.0
34.64444298865224	1200.2374299939752	-0.5	0.25	5.0
34.69026823552173	1203.4147102524478	-0.5	0.25	5.0
34.73033207392069	1206.1959659648044	-0.5	0.25	5.0
34.732050807568854	1206.3153532995443	-0.5	0.25	5.0
34.77286488681294	1209.1521324365483	-0.5	0.25	5.0
62.26794919243112	3877.297496631183	-0.5	0.25	5.0
62.301492861091695	3881.4760127206596	-0.5	0.25	5.0
62.34062112758337	3886.3530425728936	-0.5	0.25	5.0
62.382428484981254	3891.5673836838005	-0.5	0.25	5.0
62.46353371936259	3901.693044709947	-0.5	0.25	5.0
62.53939689747762	3911.1761643002337	-0.5	0.25	5.0
63.000000000000014	3969.000000000002	-0.5	0.25	5.0
63.02747813926913	3972.463000596048	-0.5	0.25	5.0
63.05957561085916	3976.510076221664	-0.5	0.25	5.0
63.09400626572039	3980.8536266587635	-0.5	0.25	5.0
63.160877120194634	3989.296398592326	-0.5	0.25	5.0
63.223747122730984	3997.2422002390344	-0.5	0.25	5.0
64.0	4096.0	-0.5	0.25	5.0
64.02438852349134	4099.1223258069695	-0.5	0.25	5.0
64.05279071134815	4102.759997911768	-0.5	0.25	5.0
64.08315624815573	4106.650914725541	-0.5	0.25	5.0
64.14187875909427	4114.180610746348	-0.5	0.25	5.0
64.19672176166355	4121.219084944447	-0.5	0.25	5.0
65.0	4225.0	-0.5	0.25	5.0
65.02739459367017	4228.562047640884	-0.5	0.25	5.0
65.05918438234946	4232.697472496544	-0.5	0.25	5.0
65.09303797275	4237.103592521873	-0.5	0.25	5.0
65.15806804029516	4245.573830743734	-0.5	0.25	5.0
65.21835487139649	4253.433812131406	-0.5	0.25	5.0
65.73205080756888	4320.702503368817	-0.5	0.25	5.0
65.76554646361284	4325.107101657619	-0.5	0.25	5.0
65.80449695699795	4330.231819763552	-0.5	0.25	5.0
65.84597485736661	4335.692404916957	-0.5	0.25	5.0
65.92600771390914	4346.238493094408	-0.5	0.25	5.0
66.00038032055974	4356.050202458529	-0.5	0.25	5.0
30.07399228609087	904.4450120238532	-1.0	1.0	6.0
30.154025142633387	909.2652323025665	-1.0	1.0	6.0
30.234453536387132	914.1221806439523	-1.0	1.0	6.0
30.26794919243114	916.1487483155928	-1.0	1.0	6.0
30.84193195970485	951.2247670070635	-1.0	1.0	6.0
30.906962027250003	955.2403017538736	-1.0	1.0	6.0
30.97260540632986	959.3022856562136	-1.0	1.0	6.0
31.00000000000011	961.0000000000068	-1.0	1.0	6.0
31.858121240905703	1014.9398890002471	-1.0	1.0	6.0
31.916843751844233	1018.6849150796382	-1.0	1.0	6.0
31.975611476508682	1022.4397292966337	-1.0	1.0	6.0
32.00000000000007	1024.0000000000045	-1.0	1.0	6.0
32.839122879805345	1078.4079915149548	-1.0	1.0	6.0
32.90599373427963	1082.8044236404505	-1.0	1.0	6.0
32.972521860730915	1087.1871978563781	-1.0	1.0	6.0
32.999999999999986	1088.999999999999	-1.0	1.0	6.0
33.53646628063743	1124.694570592331	-1.0	1.0	6.0
33.61757151501876	1130.1411145674008	-1.0	1.0	6.0
33.69850713890831	1135.5893833910545	-1.0	1.0	6.0
33.732050807568896	1137.8512516844094	-1.0	1.0	6.0
61.26794919243112	3753.761598246321	-1.0	1.0	6.0
61.30973176447824	3758.8832090322717	-1.0	1.0	6.0
61.394154362996076	3769.24218994739	-1.0	1.0	6.0
62.26794919243112	3877.297496631183	-1.0	1.0	6.0
62.304418127641895	3881.840518224032	-1.0	1.0	6.0
62.37760024540348	3890.96501237536	-1.0	1.0	6.0
63.0	3969.0	-1.0	1.0	6.0
63.0261388033446	3972.29417245846	-1.0	1.0	6.0
63.07906398720812	3978.968313502297	-1.0	1.0	6.0
63.26794919243112	4002.8333950160454	-1.0	1.0	6.0
63.30948923617073	4008.091427344817	-1.0	1.0	6.0
63.39198751432033	4018.5440810157443	-1.0	1.0	6.0
64.0	4096.0	-1.0	1.0	6.0
64.00000000000001	4096.000000000002	-1.0	1.0	6.0
64.03121953818508	4099.997075547255	-1.0	1.0	6.0
64.0519435356229	4102.651470690624	-1.0	1.0	6.0
64.09347684116814	4107.973773589357	-1.0	1.0	6.0
64.15545354865831	4115.922220034055	-1.0	1.0	6.0
64.7320508075689	4190.238401753681	-1.0	1.0	6.0
64.77369393872438	4195.631426467539	-1.0	1.0	6.0
64.85700299242133	4206.4308371589495	-1.0	1.0	6.0
64.99999999999999	4224.999999999998	-1.0	1.0	6.0
65.02589508395339	4228.367031469314	-1.0	1.0	6.0
65.07688646465063	4235.001151933028	-1.0	1.0	6.0
65.73205080756888	4320.702503368817	-1.0	1.0	6.0
65.76838006717496	4325.479816660377	-1.0	1.0	6.0
65.84044662852523	4334.964412243679	-1.0	1.0	6.0
66.73205080756887	4453.166604983953	-1.0	1.0	6.0
66.77345139350618	4458.693811000932	-1.0	1.0	6.0
66.85483568881097	4469.569054977912	-1.0	1.0	6.0
61.267949192431125	3753.7615982463217	-1.5	2.25	7.0
62.26794919243112	3877.297496631183	-1.5	2.25	7.0
63.00000000000001	3969.000000000001	-1.5	2.25	7.0
63.26794919243112	4002.8333950160454	-1.5	2.25	7.0
63.999999999999986	4095.999999999998	-1.5	2.25	7.0
64.00000000000001	4096.000000000002	-1.5	2.25	7.0
64.73205080756887	4190.238401753677	-1.5	2.25	7.0
65.0	4225.0	-1.5	2.25	7.0
65.73205080756887	4320.702503368815	-1.5	2.25	7.0
66.73205080756888	4453.166604983955	-1.5	2.25	7.0
-2.732050807568872	7.464101615137725	1.5	2.25	3.0
-1.7320508075688745	2.9999999999999902	1.5	2.25	3.0
-0.9999999999999982	0.9999999999999964	1.5	2.25	3.0
-0.7320508075688759	0.5358983848622433	1.5	2.25	3.0
-1.3322676295501878e-15	1.7749370367472766e-30	1.5	2.25	3.0
-5.967018938954981e-17	3.5605315017847426e-33	1.5	2.25	3.0
0.7320508075688781	0.5358983848622466	1.5	2.25	3.0
1.0000000000000013	1.0000000000000027	1.5	2.25	3.0
1.7320508075688772	2.9999999999999996	1.5	2.25	3.0
2.732050807568877	7.464101615137754	1.5	2.25	3.0
-1.9260077139091365	3.709505714037498	1.0	1.0	4.0
-1.84597485736667	3.407623174029898	1.0	1.0	4.0
-1.765546463612867	3.1171543151759007	1.0	1.0	4.0
-1.732050807568845	2.999999999999888	1.0	1.0	4.0
-1.1580680402951344	1.3411215859530132	1.0	1.0	4.0
-1.0930379727500323	1.1947320098735004	1.0	1.0	4.0
-1.0273945936701618	1.055539651102677	1.0	1.0	4.0
-0.9999999999999872	0.9999999999999745	1.0	1.0	4.0
-0.14187875909429692	0.020129582282137543	1.0	1.0	4.0
-0.08315624815579525	0.006914961607348202	1.0	1.0	4.0
-0.024388523491321295	0.0005948000780867307	1.0	1.0	4.0
5.739506092616864e-14	3.29419301871861e-27	1.0	1.0	4.0
0.8391228798053731	0.7041272074128627	1.0	1.0	4.0
0.9059937342795763	0.8208246465538515	1.0	1.0	4.0
0.9725218607309047	0.9457987695995013	1.0	1.0	4.0
1.0000000000000129	1.0000000000000258	1.0	1.0	4.0
1.5364662806374056	2.3607286315357427	1.0	1.0	4.0
1.6175715150187315	2.6165376061999943	1.0	1.0	4.0
1.6985071389082833	2.8849265009224023	1.0	1.0	4.0
1.7320508075688892	3.0000000000000413	1.0	1.0	4.0
29.267949192431118	856.6128499307293	1.0	1.0	4.0
29.30973176447824	859.0603761056648	1.0	1.0	4.0
29.39415436299608	864.0163107156415	1.0	1.0	4.0
30.267949192431125	916.148748315592	1.0	1.0	4.0
30.304418127641902	918.3577580549512	1.0	1.0	4.0
30.377600245403492	922.7985966695384	1.0	1.0	4.0
30.999999999999996	960.9999999999998	1.0	1.0	4.0
31.026138803344594	962.6212890444051	1.0	1.0	4.0
31.079063987208144	965.9082183209782	1.0	1.0	4.0
31.26794919243113	977.6846467004544	1.0	1.0	4.0
31.30948923617073	980.2841162298909	1.0	1.0	4.0
31.39198751432033	985.4568800992436	1.0	1.0	4.0
31.999999999999996	1023.9999999999998	1.0	1.0	4.0
32.0	1024.0	1.0	1.0	4.0
32.03121953818505	1025.9990251034076	1.0	1.0	4.0
32.0519435356229	1027.3270844107583	1.0	1.0	4.0
32.093476841168126	1029.991255754595	1.0	1.0	4.0
32.155453548658315	1033.9731929199227	1.0	1.0	4.0
32.732050807568875	1071.3871500692703	1.0	1.0	4.0
32.773693938724385	1074.1150143891796	1.0	1.0	4.0
32.85700299242132	1079.5826456439836	1.0	1.0	4.0
33.0	1089.0	1.0	1.0	4.0
33.025895083953394	1090.7097460962968	1.0	1.0	4.0
33.07688646465062	1094.0804181953874	1.0	1.0	4.0
33.73205080756888	1137.8512516844085	1.0	1.0	4.0
33.76838006717496	1140.3034923611792	1.0	1.0	4.0
33.84044662852522	1145.175828018064	1.0	1.0	4.0
34.732050807568875	1206.3153532995457	1.0	1.0	4.0
34.77345139350618	1209.1929218165367	1.0	1.0	4.0
34.854835688810965	1214.8595708940106	1.0	1.0	4.0
-0.36458673586901114	0.1329234879716201	0.5	0.25	5.0
-0.2749141508058865	0.07557779031332171	0.5	0.25	5.0
-0.22527331819389765	0.05074806789008906	0.5	0.25	5.0
-0.20697427244375233	0.04283834945362061	0.5	0.25	5.0
-0.163096389791215	0.026600432362927938	0.5	0.25	5.0
-0.09899419013345273	0.00979984968017819	0.5	0.25	5.0
-0.08619599812397721	0.007429750092588683	0.5	0.25	5.0
-0.051377159391814614	0.0026396125071719246	0.5	0.25	5.0
-0.023857548212399493	0.0005691826067069662	0.5	0.25	5.0
3.941291737419306e-15	1.553378055944969e-29	0.5	0.25	5.0
29.145164311189014	849.4406027262057	0.5	0.25	5.0
29.189855724438452	852.0476772135322	0.5	0.25	5.0
29.2265486064938	854.1911434477447	0.5	0.25	5.0
29.267949192431132	856.6128499307301	0.5	0.25	5.0
29.269667433970007	856.7134316952043	0.5	0.25	5.0
29.310291069821787	859.0931625976748	0.5	0.25	5.0
30.1595533714748	909.598659566837	0.5	0.25	5.0
30.212542101209394	912.7977002173501	0.5	0.25	5.0
30.231619932825033	913.9508437627838	0.5	0.25	5.0
30.267949192431093	916.1487483155901	0.5	0.25	5.0
30.28410253186858	917.1268661607289	0.5	0.25	5.0
30.320166275227173	919.3124829574232	0.5	0.25	5.0
30.923113535349366	956.2389507201071	0.5	0.25	5.0
30.974104916046596	959.3951753502619	0.5	0.25	5.0
30.997479748926978	960.8437507851381	0.5	0.25	5.0
31.000000000000007	961.0000000000005	0.5	0.25	5.0
31.047620134297993	963.9547160036661	0.5	0.25	5.0
31.073058826929177	965.5349848618013	0.5	0.25	5.0
31.14299700757867	969.8862626140541	0.5	0.25	5.0
31.183830518952846	972.4312858347749	0.5	0.25	5.0
31.2263060612756	975.0821902324573	0.5	0.25	5.0
31.26748660046288	977.6557183101258	0.5	0.25	5.0
31.26794919243111	977.6846467004533	0.5	0.25	5.0
31.309321350606872	980.2736034355673	0.5	0.25	5.0
31.84454645134169	1014.0751386916586	0.5	0.25	5.0
31.86549871401684	1015.4100082930089	0.5	0.25	5.0
31.906523158831888	1018.0262200850756	0.5	0.25	5.0
31.9480564643771	1020.6783118510274	0.5	0.25	5.0
31.968780461814934	1022.0029242157202	0.5	0.25	5.0
31.968780506199966	1022.002927053591	0.5	0.25	5.0
31.968901629855896	1022.010671419403	0.5	0.25	5.0
31.999999999999996	1023.9999999999998	0.5	0.25	5.0
32.00000000000001	1024.0000000000005	0.5	0.25	5.0
32.02081828398245	1025.3328035758248	0.5	0.25	5.0
32.03103821826999	1025.9874093402727	0.5	0.25	5.0
32.06225763183456	1027.9883644501335	0.5	0.25	5.0
32.608012485679666	1063.282478266241	0.5	0.25	5.0
32.65046861579481	1066.0531008310018	0.5	0.25	5.0
32.69051076382928	1068.669494000038	0.5	0.25	5.0
32.732050807568875	1071.3871500692703	0.5	0.25	5.0
32.73251336392605	1071.4174311195977	0.5	0.25	5.0
32.773834876580054	1074.1242525173352	0.5	0.25	5.0
32.92093601279186	1083.7880279583362	0.5	0.25	5.0
32.97386119665539	1087.2755222162962	0.5	0.25	5.0
32.991460162465856	1088.4364436515716	0.5	0.25	5.0
33.00000000000002	1089.0000000000014	0.5	0.25	5.0
33.04544952609854	1092.001734381926	0.5	0.25	5.0
33.07209830556701	1093.7636863330883	0.5	0.25	5.0
33.62239975459654	1130.4657652578937	0.5	0.25	5.0
33.673155899500905	1133.8814282320927	0.5	0.25	5.0
33.6955818723581	1135.3922377167876	0.5	0.25	5.0
33.73205080756886	1137.851251684407	0.5	0.25	5.0
33.74695025284868	1138.8566513682433	0.5	0.25	5.0
33.783711746959504	1141.3391794016495	0.5	0.25	5.0
34.605845637003924	1197.5645522521436	0.5	0.25	5.0
34.64444298865222	1200.2374299939743	0.5	0.25	5.0
34.69026823552174	1203.4147102524487	0.5	0.25	5.0
34.73033207392065	1206.1959659648014	0.5	0.25	5.0
34.73205080756888	1206.3153532995461	0.5	0.25	5.0
34.77286488681294	1209.1521324365483	0.5	0.25	5.0
62.26794919243113	3877.297496631185	0.5	0.25	5.0
62.3014928610917	3881.4760127206605	0.5	0.25	5.0
62.34062112758338	3886.3530425728954	0.5	0.25	5.0
62.38242848498123	3891.5673836837977	0.5	0.25	5.0
62.463533719362594	3901.693044709948	0.5	0.25	5.0
62.53939689747764	3911.1761643002355	0.5	0.25	5.0
63.00000000000001	3969.000000000001	0.5	0.25	5.0
63.02747813926911	3972.4630005960453	0.5	0.25	5.0
63.05957561085915	3976.510076221662	0.5	0.25	5.0
63.09400626572038	3980.8536266587626	0.5	0.25	5.0
63.16087712019463	3989.296398592325	0.5	0.25	5.0
63.22374712273098	3997.2422002390335	0.5	0.25	5.0
64.00000000000001	4096.000000000002	0.5	0.25	5.0
64.02438852349134	4099.1223258069695	0.5	0.25	5.0
64.05279071134815	4102.759997911768	0.5	0.25	5.0
64.08315624815575	4106.650914725543	0.5	0.25	5.0
64.14187875909428	4114.18061074635	0.5	0.25	5.0
64.19672176166355	4121.219084944447	0.5	0.25	5.0
65.0	4225.0	0.5	0.25	5.0
65.02739459367017	4228.562047640884	0.5	0.25	5.0
65.05918438234946	4232.697472496544	0.5	0.25	5.0
65.09303797275001	4237.103592521875	0.5	0.25	5.0
65.15806804029515	4245.573830743732	0.5	0.25	5.0
65.21835487139649	4253.433812131406	0.5	0.25	5.0
65.73205080756887	4320.702503368815	0.5	0.25	5.0
65.76554646361284	4325.107101657619	0.5	0.25	5.0
65.80449695699795	4330.231819763552	0.5	0.25	5.0
65.84597485736658	4335.692404916952	0.5	0.25	5.0
65.92600771390914	4346.238493094408	0.5	0.25	5.0
66.00038032055973	4356.050202458528	0.5	0.25	5.0
29.999619679440265	899.9771809110596	0.0	0.0	6.0
30.073992286090878	904.4450120238536	0.0	0.0	6.0
30.154025142633383	909.2652323025662	0.0	0.0	6.0
30.19550304300205	911.7684040199459	0.0	0.0	6.0
30.234453536387168	914.1221806439545	0.0	0.0	6.0
30.26794919243112	916.1487483155918	0.0	0.0	6.0
30.78164512860351	947.5096768232803	0.0	0.0	6.0
30.841931959704848	951.2247670070633	0.0	0.0	6.0
30.906962027250007	955.2403017538738	0.0	0.0	6.0
30.940815617650543	957.3340710854477	0.0	0.0	6.0
30.97260540632982	959.3022856562111	0.0	0.0	6.0
31.000000000000007	961.0000000000005	0.0	0.0	6.0
31.80327823833644	1011.4485067050441	0.0	0.0	6.0
31.858121240905735	1014.9398890002492	0.0	0.0	6.0
31.916843751844272	1018.6849150796407	0.0	0.0	6.0
31.94720928865185	1020.6241813329232	0.0	0.0	6.0
31.975611476508668	1022.4397292966328	0.0	0.0	6.0
32.00000000000001	1024.0000000000005	0.0	0.0	6.0
32.776252877269016	1074.2827526746855	0.0	0.0	6.0
32.83912287980536	1078.4079915149557	0.0	0.0	6.0
32.90599373427962	1082.8044236404496	0.0	0.0	6.0
32.94042438914082	1085.0715589367035	0.0	0.0	6.0
32.972521860730886	1087.187197856376	0.0	0.0	6.0
33.00000000000001	1089.0000000000005	0.0	0.0	6.0
33.46060310252237	1119.6119599845297	0.0	0.0	6.0
33.53646628063743	1124.694570592331	0.0	0.0	6.0
33.617571515018774	1130.1411145674017	0.0	0.0	6.0
33.65937887241663	1132.9537860768871	0.0	0.0	6.0
33.6985071389083	1135.5893833910534	0.0	0.0	6.0
33.73205080756889	1137.851251684409	0.0	0.0	6.0
61.22713511318706	3748.7620741684636	0.0	0.0	6.0
61.26794919243112	3753.761598246321	0.0	0.0	6.0
61.26966792607931	3753.9722077720317	0.0	0.0	6.0
61.30973176447826	3758.8832090322744	0.0	0.0	6.0
61.3555570113478	3764.50437617275	0.0	0.0	6.0
61.39415436299609	3769.242189947392	0.0	0.0	6.0
62.21628825304047	3870.8665239854213	0.0	0.0	6.0
62.253049747151316	3875.4422028212966	0.0	0.0	6.0
62.26794919243117	3877.2974966311895	0.0	0.0	6.0
62.30441812764186	3881.8405182240276	0.0	0.0	6.0
62.32684410049911	3884.6354955279207	0.0	0.0	6.0
62.377600245403464	3890.965012375358	0.0	0.0	6.0
62.927901694432975	3959.9208116642208	0.0	0.0	6.0
62.95455047390147	3963.2754253710077	0.0	0.0	6.0
62.99999999999995	3968.9999999999936	0.0	0.0	6.0
63.00853983753417	3970.076092458131	0.0	0.0	6.0
63.02613880334455	3972.294172458454	0.0	0.0	6.0
63.079063987208166	3978.968313502302	0.0	0.0	6.0
63.22616512341997	3997.5479562139676	0.0	0.0	6.0
63.267486636073926	4002.7748652457926	0.0	0.0	6.0
63.26794919243113	4002.8333950160472	0.0	0.0	6.0
63.30948923617073	4008.091427344817	0.0	0.0	6.0
63.349531384205214	4013.1631265984015	0.0	0.0	6.0
63.391987514320284	4018.544081015739	0.0	0.0	6.0
63.937742368165466	4088.0348991379014	0.0	0.0	6.0
63.968961781729945	4092.0280714324263	0.0	0.0	6.0
63.97918171601752	4093.335693051191	0.0	0.0	6.0
63.999999999999964	4095.9999999999955	0.0	0.0	6.0
63.99999999999998	4095.9999999999973	0.0	0.0	6.0
64.03109837014411	4099.981558487071	0.0	0.0	6.0
64.03121949379997	4099.997069863189	0.0	0.0	6.0
64.03121953818496	4099.997075547239	0.0	0.0	6.0
64.05194353562293	4102.651470690627	0.0	0.0	6.0
64.09347684116815	4107.973773589359	0.0	0.0	6.0
64.13450128598315	4113.234255201774	0.0	0.0	6.0
64.15545354865827	4115.922220034049	0.0	0.0	6.0
64.69067864939308	4184.883904119041	0.0	0.0	6.0
64.73205080756885	4190.238401753675	0.0	0.0	6.0
64.7325133995371	4190.2982910212495	0.0	0.0	6.0
64.77369393872439	4195.631426467541	0.0	0.0	6.0
64.81616948104713	4201.135826195825	0.0	0.0	6.0
64.85700299242129	4206.430837158944	0.0	0.0	6.0
64.9269411730708	4215.507690091396	0.0	0.0	6.0
64.95237986570201	4218.811650218452	0.0	0.0	6.0
64.99999999999999	4224.999999999998	0.0	0.0	6.0
65.00252025107298	4225.3276389911525	0.0	0.0	6.0
65.02589508395343	4228.367031469319	0.0	0.0	6.0
65.07688646465061	4235.001151933026	0.0	0.0	6.0
65.67983372477278	4313.8405581137995	0.0	0.0	6.0
65.71589746813142	4318.579180041961	0.0	0.0	6.0
65.73205080756892	4320.702503368822	0.0	0.0	6.0
65.768380067175	4325.479816660382	0.0	0.0	6.0
65.7874578987906	4327.989616785147	0.0	0.0	6.0
65.8404466285252	4334.964412243676	0.0	0.0	6.0
66.68970893017816	4447.517277191884	0.0	0.0	6.0
66.73033256602997	4452.937284372961	0.0	0.0	6.0
66.73205080756891	4453.166604983959	0.0	0.0	6.0
66.77345139350622	4458.693811000938	0.0	0.0	6.0
66.81014427556151	4463.595378121345	0.0	0.0	6.0
66.85483568881097	4469.569054977912	0.0	0.0	6.0
95.99999999999997	9215.999999999995	0.0	0.0	6.0
96.02385754821248	9220.581218439402	0.0	0.0	6.0
96.0513771593919	9225.867054215752	0.0	0.0	6.0
96.08619599812408	9232.557061389916	0.0	0.0	6.0
96.09899419013351	9235.016684355314	0.0	0.0	6.0
96.16309638979129	9247.34110727229	0.0	0.0	6.0
96.20697427244392	9255.781898658686	0.0	0.0	6.0
96.2252733181938	9259.3032251611	0.0	0.0	6.0
96.27491415080573	9268.859094745014	0.0	0.0	6.0
96.36458673586894	9286.133576774808	0.0	0.0	6.0
61.14516431118901	3738.7311186423026	-0.5	0.25	7.0
61.22654860649381	3748.690254263349	-0.5	0.25	7.0
61.2679491924311	3753.761598246318	-0.5	0.25	7.0
62.159553371474765	3863.8100753412195	-0.5	0.25	7.0
62.231619932825055	3872.7745194635886	-0.5	0.25	7.0
62.26794919243117	3877.2974966311895	-0.5	0.25	7.0
62.9231135353494	3959.318216982471	-0.5	0.25	7.0
62.9741049160466	3965.7378899772443	-0.5	0.25	7.0
63.00000000000001	3969.000000000001	-0.5	0.25	7.0
63.14299700757869	3987.0380710990917	-0.5	0.25	7.0
63.22630606127561	3997.5657781540967	-0.5	0.25	7.0
63.26794919243117	4002.833395016052	-0.5	0.25	7.0
63.84454645134167	4076.126111577524	-0.5	0.25	7.0
63.90652315883186	4084.043702250313	-0.5	0.25	7.0
63.948056464377174	4089.353925571171	-0.5	0.25	7.0
63.96878046181494	4092.0048737718766	-0.5	0.25	7.0
64.00000000000001	4096.000000000002	-0.5	0.25	7.0
64.00000000000003	4096.000000000004	-0.5	0.25	7.0
64.60801248567967	4174.19527734974	-0.5	0.25	7.0
64.69051076382925	4184.862182885108	-0.5	0.25	7.0
64.73205080756891	4190.238401753682	-0.5	0.25	7.0
64.92093601279187	4214.727932777017	-0.5	0.25	7.0
64.97386119665542	4221.602638802245	-0.5	0.25	7.0
65.00000000000001	4225.000000000002	-0.5	0.25	7.0
65.6223997545965	4306.299349552067	-0.5	0.25	7.0
65.6955818723581	4315.909477547707	-0.5	0.25	7.0
65.73205080756888	4320.702503368817	-0.5	0.25	7.0
66.60584563700391	4436.338673020393	-0.5	0.25	7.0
66.69026823552176	4447.591877325842	-0.5	0.25	7.0
66.7320508075689	4453.166604983957	-0.5	0.25	7.0
94.26794919243109	8886.44624494677	-0.5	0.25	7.0
94.30149286109167	8892.771555830524	-0.5	0.25	7.0
94.38242848498122	8908.042806722595	-0.5	0.25	7.0
94.46353371936253	8923.359202749141	-0.5	0.25	7.0
95.00000000000001	9025.000000000002	-0.5	0.25	7.0
95.02747813926912	9030.22160150927	-0.5	0.25	7.0
95.09400626572034	9042.87002766486	-0.5	0.25	7.0
95.16087712019458	9055.592534284773	-0.5	0.25	7.0
95.99999999999999	9215.999999999998	-0.5	0.25	7.0
96.02438852349131	9220.68319131041	-0.5	0.25	7.0
96.0831562481557	9231.972914607502	-0.5	0.25	7.0
96.14187875909425	9243.26085132838	-0.5	0.25	7.0
96.99999999999999	9408.999999999996	-0.5	0.25	7.0
97.02739459367015	9414.315301635772	-0.5	0.25	7.0
97.09303797274998	9427.05802277787	-0.5	0.25	7.0
97.15806804029513	9439.690185322619	-0.5	0.25	7.0
97.73205080756888	9551.553755053226	-0.5	0.25	7.0
97.76554646361282	9558.102075328838	-0.5	0.25	7.0
97.84597485736663	9573.834795788422	-0.5	0.25	7.0
97.92600771390906	9589.502986784577	-0.5	0.25	7.0
93.26794919243112	8698.910346561912	-1.0	1.0	8.0
94.2679491924311	8886.446244946772	-1.0	1.0	8.0
95.0	9025.0	-1.0	1.0	8.0
95.26794919243113	9075.98214333164	-1.0	1.0	8.0
95.99999999999996	9215.999999999993	-1.0	1.0	8.0
95.99999999999999	9215.999999999998	-1.0	1.0	8.0
96.73205080756885	9357.089653438083	-1.0	1.0	8.0
97.00000000000001	9409.000000000004	-1.0	1.0	8.0
97.73205080756887	9551.553755053223	-1.0	1.0	8.0
98.73205080756887	9748.01785666836	-1.0	1.0	8.0
-1.7320508075688734	2.9999999999999867	2.0	4.0	4.0
-0.9999999999999976	0.9999999999999951	2.0	4.0	4.0
8.881784197001252e-16	7.888609052210118e-31	2.0	4.0	4.0
1.000000000000001	1.0000000000000022	2.0	4.0	4.0
1.7320508075688772	2.9999999999999996	2.0	4.0	4.0
-0.22527331819384955	0.05074806789006739	1.5	2.25	5.0
-0.16309638979121388	0.026600432362927574	1.5	2.25	5.0
-0.08619599812399059	0.007429750092590989	1.5	2.25	5.0
-0.023857548212447368	0.0005691826067092507	1.5	2.25	5.0
1.9012569296705806e-15	3.614777912620403e-30	1.5	2.25	5.0
29.267949192431114	856.6128499307291	1.5	2.25	5.0
29.310291069821783	859.0931625976746	1.5	2.25	5.0
30.26794919243111	916.1487483155911	1.5	2.25	5.0
30.320166275227187	919.3124829574241	1.5	2.25	5.0
31.0	961.0	1.5	2.25	5.0
31.073058826929202	965.5349848618029	1.5	2.25	5.0
31.26794919243112	977.684646700454	1.5	2.25	5.0
31.30932135060688	980.2736034355678	1.5	2.25	5.0
31.999999999999986	1023.9999999999991	1.5	2.25	5.0
32.0	1024.0	1.5	2.25	5.0
32.02081828398243	1025.3328035758234	1.5	2.25	5.0
32.06225763183455	1027.9883644501326	1.5	2.25	5.0
32.73205080756888	1071.3871500692708	1.5	2.25	5.0
32.77383487658005	1074.1242525173348	1.5	2.25	5.0
33.0	1089.0	1.5	2.25	5.0
33.07209830556701	1093.7636863330883	1.5	2.25	5.0
33.732050807568875	1137.851251684408	1.5	2.25	5.0
33.783711746959504	1141.3391794016495	1.5	2.25	5.0
34.73205080756888	1206.3153532995461	1.5	2.25	5.0
34.772864886812954	1209.1521324365492	1.5	2.25	5.0
30.073992286090878	904.4450120238536	1.0	1.0	6.0
30.1540251426334	909.2652323025673	1.0	1.0	6.0
30.23445353638712	914.1221806439518	1.0	1.0	6.0
30.267949192431157	916.1487483155939	1.0	1.0	6.0
30.841931959704844	951.2247670070631	1.0	1.0	6.0
30.906962027250003	955.2403017538736	1.0	1.0	6.0
30.97260540632985	959.3022856562131	1.0	1.0	6.0
30.999999999999993	960.9999999999995	1.0	1.0	6.0
31.85812124090573	1014.939889000249	1.0	1.0	6.0
31.916843751844276	1018.684915079641	1.0	1.0	6.0
31.975611476508693	1022.4397292966344	1.0	1.0	6.0
32.000000000000014	1024.000000000001	1.0	1.0	6.0
32.83912287980536	1078.4079915149557	1.0	1.0	6.0
32.90599373427962	1082.8044236404496	1.0	1.0	6.0
32.972521860730915	1087.1871978563781	1.0	1.0	6.0
33.0000000000001	1089.0000000000066	1.0	1.0	6.0
33.53646628063745	1124.6945705923326	1.0	1.0	6.0
33.617571515018774	1130.1411145674017	1.0	1.0	6.0
33.698507138908305	1135.589383391054	1.0	1.0	6.0
33.73205080756888	1137.8512516844085	1.0	1.0	6.0
61.267949192431125	3753.7615982463217	1.0	1.0	6.0
61.30973176447824	3758.8832090322717	1.0	1.0	6.0
61.39415436299608	3769.242189947391	1.0	1.0	6.0
62.26794919243112	3877.297496631183	1.0	1.0	6.0
62.304418127641895	3881.840518224032	1.0	1.0	6.0
62.377600245403485	3890.965012375361	1.0	1.0	6.0
63.0	3969.0	1.0	1.0	6.0
63.026138803344594	3972.2941724584593	1.0	1.0	6.0
63.079063987208144	3978.968313502299	1.0	1.0	6.0
63.26794919243112	4002.8333950160454	1.0	1.0	6.0
63.309489236170734	4008.091427344818	1.0	1.0	6.0
63.39198751432032	4018.5440810157434	1.0	1.0	6.0
63.999999999999986	4095.999999999998	1.0	1.0	6.0
64.00000000000001	4096.000000000002	1.0	1.0	6.0
64.03121953818507	4099.997075547253	1.0	1.0	6.0
64.05194353562288	4102.651470690622	1.0	1.0	6.0
64.09347684116813	4107.973773589355	1.0	1.0	6.0
64.15545354865831	4115.922220034055	1.0	1.0	6.0
64.73205080756887	4190.238401753677	1.0	1.0	6.0
64.77369393872439	4195.631426467541	1.0	1.0	6.0
64.85700299242131	4206.430837158948	1.0	1.0	6.0
65.0	4225.0	1.0	1.0	6.0
65.02589508395339	4228.367031469314	1.0	1.0	6.0
65.07688646465063	4235.001151933028	1.0	1.0	6.0
65.73205080756888	4320.702503368817	1.0	1.0	6.0
65.76838006717496	4325.479816660377	1.0	1.0	6.0
65.84044662852523	4334.964412243679	1.0	1.0	6.0
66.73205080756887	4453.166604983953	1.0	1.0	6.0
66.77345139350618	4458.693811000932	1.0	1.0	6.0
66.85483568881097	4469.569054977912	1.0	1.0	6.0
61.14516431118902	3738.7311186423035	0.5	0.25	7.0
61.22654860649381	3748.690254263349	0.5	0.25	7.0
61.26794919243111	3753.76159824632	0.5	0.25	7.0
62.15955337147477	3863.8100753412205	0.5	0.25	7.0
62.23161993282503	3872.774519463586	0.5	0.25	7.0
62.26794919243112	3877.297496631183	0.5	0.25	7.0
62.923113535349394	3959.31821698247	0.5	0.25	7.0
62.97410491604659	3965.7378899772434	0.5	0.25	7.0
63.00000000000001	3969.000000000001	0.5	0.25	7.0
63.142997007578685	3987.0380710990908	0.5	0.25	7.0
63.22630606127559	3997.565778154094	0.5	0.25	7.0
63.26794919243112	4002.8333950160454	0.5	0.25	7.0
63.8445464513417	4076.126111577528	0.5	0.25	7.0
63.906523158831874	4084.0437022503147	0.5	0.25	7.0
63.94805646437711	4089.353925571163	0.5	0.25	7.0
63.96878046181498	4092.004873771882	0.5	0.25	7.0
63.99999999999995	4095.9999999999936	0.5	0.25	7.0
64.00000000000001	4096.000000000002	0.5	0.25	7.0
64.6080124856797	4174.195277349743	0.5	0.25	7.0
64.69051076382927	4184.86218288511	0.5	0.25	7.0
64.73205080756883	4190.2384017536715	0.5	0.25	7.0
64.9209360127919	4214.72793277702	0.5	0.25	7.0
64.97386119665538	4221.602638802239	0.5	0.25	7.0
64.99999999999997	4224.999999999996	0.5	0.25	7.0
65.62239975459651	4306.299349552069	0.5	0.25	7.0
65.6955818723581	4315.909477547707	0.5	0.25	7.0
65.73205080756888	4320.702503368817	0.5	0.25	7.0
66.60584563700391	4436.338673020393	0.5	0.25	7.0
66.69026823552174	4447.59187732584	0.5	0.25	7.0
66.73205080756885	4453.1666049839505	0.5	0.25	7.0
94.26794919243109	8886.44624494677	0.5	0.25	7.0
94.30149286109166	8892.77155583052	0.5	0.25	7.0
94.3824284849812	8908.042806722591	0.5	0.25	7.0
94.46353371936257	8923.35920274915	0.5	0.25	7.0
95.00000000000001	9025.000000000002	0.5	0.25	7.0
95.02747813926915	9030.221601509276	0.5	0.25	7.0
95.09400626572045	9042.870027664881	0.5	0.25	7.0
95.1608771201947	9055.592534284795	0.5	0.25	7.0
96.0	9216.0	0.5	0.25	7.0
96.02438852349127	9220.683191310402	0.5	0.25	7.0
96.0831562481558	9231.97291460752	0.5	0.25	7.0
96.14187875909425	9243.26085132838	0.5	0.25	7.0
97.0	9409.0	0.5	0.25	7.0
97.02739459367017	9414.315301635776	0.5	0.25	7.0
97.09303797275004	9427.058022777881	0.5	0.25	7.0
97.15806804029509	9439.69018532261	0.5	0.25	7.0
97.7320508075689	9551.553755053228	0.5	0.25	7.0
97.76554646361284	9558.10207532884	0.5	0.25	7.0
97.8459748573666	9573.834795788416	0.5	0.25	7.0
97.92600771390912	9589.502986784588	0.5	0.25	7.0
93.22713511318705	8691.298721412433	0.0	0.0	8.0
93.26794919243112	8698.910346561912	0.0	0.0	8.0
94.2162882530405	8876.708972180018	0.0	0.0	8.0
94.26794919243112	8886.446244946776	0.0	0.0	8.0
94.92790169443296	9011.306520107928	0.0	0.0	8.0
95.0	9025.0	0.0	0.0	8.0
95.22616512341992	9068.022524112836	0.0	0.0	8.0
95.26794919243113	9075.98214333164	0.0	0.0	8.0
95.93774236816543	9204.050410700484	0.0	0.0	8.0
95.97918171601755	9212.003322876317	0.0	0.0	8.0
96.0	9216.0	0.0	0.0	8.0
96.0	9216.0	0.0	0.0	8.0
96.6906786493931	9349.087337680205	0.0	0.0	8.0
96.73205080756887	9357.089653438084	0.0	0.0	8.0
96.92694117307079	9394.831925167926	0.0	0.0	8.0
96.99999999999999	9408.999999999996	0.0	0.0	8.0
97.67983372477282	9541.349916499266	0.0	0.0	8.0
97.7320508075689	9551.553755053228	0.0	0.0	8.0
98.6897089301782	9739.658648723294	0.0	0.0	8.0
98.73205080756887	9748.01785666836	0.0	0.0	8.0
128.00000000000003	16384.000000000007	0.0	0.0	8.0
128.02385754821245	16390.108101524995	0.0	0.0	8.0
128.08619599812405	16406.073605269852	0.0	0.0	8.0
128.1630963897913	16425.779276218935	0.0	0.0	8.0
128.2252733181939	16441.720717525528	0.0	0.0	8.0
126.26794919243113	15943.59499326237	-0.5	0.25	9.0
127.0	16129.0	-0.5	0.25	9.0
128.0	16384.0	-0.5	0.25	9.0
129.0	16641.0	-0.5	0.25	9.0
129.73205080756887	16830.40500673763	-0.5	0.25	9.0
0.0	0.0	2.5	6.25	5.0
30.26794919243113	916.1487483155922	2.0	4.0	6.0
31.000000000000004	961.0000000000002	2.0	4.0	6.0
32.0	1024.0	2.0	4.0	6.0
33.0	1089.0	2.0	4.0	6.0
33.732050807568875	1137.851251684408	2.0	4.0	6.0
61.267949192431125	3753.7615982463217	1.5	2.25	7.0
62.26794919243112	3877.297496631183	1.5	2.25	7.0
63.00000000000001	3969.000000000001	1.5	2.25	7.0
63.26794919243112	4002.8333950160454	1.5	2.25	7.0
63.999999999999986	4095.999999999998	1.5	2.25	7.0
64.00000000000001	4096.000000000002	1.5	2.25	7.0
64.73205080756887	4190.238401753677	1.5	2.25	7.0
65.0	4225.0	1.5	2.25	7.0
65.73205080756887	4320.702503368815	1.5	2.25	7.0
66.73205080756888	4453.166604983955	1.5	2.25	7.0
93.26794919243112	8698.910346561912	1.0	1.0	8.0
94.2679491924311	8886.446244946772	1.0	1.0	8.0
95.0	9025.0	1.0	1.0	8.0
95.26794919243113	9075.98214333164	1.0	1.0	8.0
95.99999999999996	9215.999999999993	1.0	1.0	8.0
95.99999999999999	9215.999999999998	1.0	1.0	8.0
96.73205080756885	9357.089653438083	1.0	1.0	8.0
97.00000000000001	9409.000000000004	1.0	1.0	8.0
97.73205080756887	9551.553755053223	1.0	1.0	8.0
98.73205080756887	9748.01785666836	1.0	1.0	8.0
126.26794919243113	15943.59499326237	0.5	0.25	9.0
127.0	16129.0	0.5	0.25	9.0
128.0	16384.0	0.5	0.25	9.0
129.0	16641.0	0.5	0.25	9.0
129.73205080756887	16830.40500673763	0.5	0.25	9.0
160.0	25600.0	0.0	0.0	10.0
