E	Esq	M	Msq	N_tot
0.0	0.0	0.0	0.0	0.0
-2.6855439326707904	7.212146214304894	-0.5	0.25	1.0
-0.33490398537342503	0.11216067941900329	-0.5	0.25	1.0
8.881784197001252e-16	7.888609052210118e-31	-0.5	0.25	1.0
1.2713303702976988	1.6162809104412839	-0.5	0.25	1.0
1.7491175477465215	3.059412195834805	-0.5	0.25	1.0
-3.0204479180442223	9.123105625617677	-1.0	1.0	2.0
-2.6855439326707886	7.212146214304886	-1.0	1.0	2.0
-1.4142135623730918	1.999999999999991	-1.0	1.0	2.0
-0.9364263849242729	0.8768943743823425	-1.0	1.0	2.0
-0.3349039853734246	0.11216067941900298	-1.0	1.0	2.0
0.9364263849242724	0.8768943743823416	-1.0	1.0	2.0
1.2713303702976988	1.6162809104412839	-1.0	1.0	2.0
1.4142135623730951	2.0000000000000004	-1.0	1.0	2.0
1.7491175477465217	3.0594121958348057	-1.0	1.0	2.0
3.020447918044219	9.123105625617658	-1.0	1.0	2.0
-3.0204479180442125	9.123105625617619	-1.5	2.25	3.0
-1.749117547746522	3.0594121958348066	-1.5	2.25	3.0
-1.4142135623730998	2.0000000000000133	-1.5	2.25	3.0
-1.2713303702976977	1.6162809104412812	-1.5	2.25	3.0
-0.936426384924272	0.8768943743823409	-1.5	2.25	3.0
0.3349039853734259	0.11216067941900389	-1.5	2.25	3.0
0.9364263849242707	0.8768943743823383	-1.5	2.25	3.0
1.4142135623730956	2.0000000000000013	-1.5	2.25	3.0
2.685543932670787	7.212146214304876	-1.5	2.25	3.0
3.020447918044219	9.123105625617658	-1.5	2.25	3.0
-1.7491175477465217	3.0594121958348057	-2.0	4.0	4.0
-1.2713303702976977	1.6162809104412812	-2.0	4.0	4.0
0.0	0.0	-2.0	4.0	4.0
0.3349039853734259	0.11216067941900389	-2.0	4.0	4.0
2.6855439326707833	7.212146214304856	-2.0	4.0	4.0
0.0	0.0	-2.5	6.25	5.0
-2.6855439326707904	7.212146214304894	0.5	0.25	1.0
-0.33490398537342503	0.11216067941900329	0.5	0.25	1.0
8.881784197001252e-16	7.888609052210118e-31	0.5	0.25	1.0
1.2713303702976988	1.6162809104412839	0.5	0.25	1.0
1.7491175477465215	3.059412195834805	0.5	0.25	1.0
-3.9486360703749486	15.591726816266116	0.0	0.0	2.0
-3.02044791804422	9.123105625617663	0.0	0.0	2.0
-2.685543932670793	7.212146214304909	0.0	0.0	2.0
-2.4045560071066396	5.781889591312626	0.0	0.0	2.0
-1.5030390225169952	2.2591263032088444	0.0	0.0	2.0
-1.414213562373098	2.0000000000000084	0.0	0.0	2.0
-0.9364263849242707	0.8768943743823383	0.0	0.0	2.0
-0.33490398537343324	0.11216067941900879	0.0	0.0	2.0
-0.2863748361231977	0.08201054676458834	0.0	0.0	2.0
-0.029347674727604467	0.0008612860119172739	0.0	0.0	2.0
0.6358235586226075	0.4042715976995164	0.0	0.0	2.0
0.9364263849242724	0.8768943743823416	0.0	0.0	2.0
1.0398432281532535	1.0812739391361792	0.0	0.0	2.0
1.2713303702976932	1.6162809104412699	0.0	0.0	2.0
1.4115599501330025	1.9925014928194844	0.0	0.0	2.0
1.4142135623730925	1.9999999999999927	0.0	0.0	2.0
1.5924954513725793	2.536041762642355	0.0	0.0	2.0
1.749117547746518	3.0594121958347924	0.0	0.0	2.0
2.766372560713227	7.652817144667057	0.0	0.0	2.0
3.0204479180442134	9.123105625617624	0.0	0.0	2.0
32.03265911024954	1026.091249673453	0.0	0.0	2.0
32.06456580354965	1028.1363801701655	0.0	0.0	2.0
32.120826747111586	1031.747510917959	0.0	0.0	2.0
32.171006613748	1034.9736665418175	0.0	0.0	2.0
32.33680058719592	1045.6686722160741	0.0	0.0	2.0
-3.8616161893874796	14.91207959413948	-0.5	0.25	3.0
-3.35359210297969	11.24657999316774	-0.5	0.25	3.0
-3.020447918044221	9.123105625617669	-0.5	0.25	3.0
-2.173428633056292	4.723792022988943	-0.5	0.25	3.0
-2.1492955570308276	4.619471391472456	-0.5	0.25	3.0
-1.7491175477465246	3.059412195834816	-0.5	0.25	3.0
-1.6652526254747158	2.773066306650434	-0.5	0.25	3.0
-1.478353730469545	2.1855297523932204	-0.5	0.25	3.0
-1.4375843964156463	2.066648896817738	-0.5	0.25	3.0
-1.414213562373102	2.0000000000000195	-0.5	0.25	3.0
-1.2713303702976995	1.6162809104412856	-0.5	0.25	3.0
-0.9823333686516817	0.9649788471665609	-0.5	0.25	3.0
-0.9364263849242738	0.8768943743823442	-0.5	0.25	3.0
-0.46709224281897654	0.21817516330166176	-0.5	0.25	3.0
-0.1430269397897428	0.02045670550561871	-0.5	0.25	3.0
0.30957163370648333	0.09583459639570109	-0.5	0.25	3.0
0.33490398537342925	0.1121606794190061	-0.5	0.25	3.0
0.5670966169097222	0.32159857291045224	-0.5	0.25	3.0
0.8491704362381944	0.7210904297809655	-0.5	0.25	3.0
0.9364263849242698	0.8768943743823366	-0.5	0.25	3.0
1.0399779199878858	1.0815540740623295	-0.5	0.25	3.0
1.223866991068594	1.497850411827294	-0.5	0.25	3.0
1.4142135623730883	1.999999999999981	-0.5	0.25	3.0
1.766500610451946	3.1205244067270983	-0.5	0.25	3.0
1.8375016971746194	3.3764124871196066	-0.5	0.25	3.0
2.4046346085391046	5.782267600584013	-0.5	0.25	3.0
2.6192472498179353	6.8604561556788175	-0.5	0.25	3.0
2.685543932670789	7.212146214304887	-0.5	0.25	3.0
2.894560201030701	8.378478757390894	-0.5	0.25	3.0
3.0204479180442134	9.123105625617624	-0.5	0.25	3.0
29.373181753307378	862.7838063128295	-0.5	0.25	3.0
29.549896421491816	873.1963785208949	-0.5	0.25	3.0
29.71261540004305	882.8395139108753	-0.5	0.25	3.0
29.93940090866117	896.3677267695413	-0.5	0.25	3.0
31.142236600800672	969.838900500249	-0.5	0.25	3.0
31.333366453445052	981.7798533058758	-0.5	0.25	3.0
31.57602326048164	997.0452449464776	-0.5	0.25	3.0
31.765585312853418	1009.0524102681687	-0.5	0.25	3.0
32.04262430809611	1026.7297725497917	-0.5	0.25	3.0
32.10214581992936	1030.5477662440082	-0.5	0.25	3.0
32.14986004490593	1033.6135009070385	-0.5	0.25	3.0
32.186225389485735	1035.9531048227761	-0.5	0.25	3.0
32.75446855891769	1072.8552105771273	-0.5	0.25	3.0
33.225397543129844	1103.9270418990186	-0.5	0.25	3.0
33.34478998723516	1111.8750192928183	-0.5	0.25	3.0
33.52799576016516	1124.1264996936532	-0.5	0.25	3.0
33.81546071511698	1143.4853833756197	-0.5	0.25	3.0
33.98521223265625	1154.994650498688	-0.5	0.25	3.0
34.20694473454967	1170.1150680725357	-0.5	0.25	3.0
34.46601661587745	1187.9063013659404	-0.5	0.25	3.0
-2.7946339940774862	7.809979160853484	-1.0	1.0	4.0
-2.048474053264208	4.196245946896693	-1.0	1.0	4.0
-1.8437575784794191	3.399442008200291	-1.0	1.0	4.0
-1.7491175477464722	3.0594121958346325	-1.0	1.0	4.0
-1.5587415390830088	2.4296751856628673	-1.0	1.0	4.0
-1.3630606626192616	1.8579343699800606	-1.0	1.0	4.0
-1.2713303702976901	1.6162809104412619	-1.0	1.0	4.0
-0.9226101265444839	0.8512094456024286	-1.0	1.0	4.0
-0.19048670871147594	0.036285186195730686	-1.0	1.0	4.0
-0.15638680964067167	0.02445683422958768	-1.0	1.0	4.0
-0.08431931669637294	0.007109747168143236	-1.0	1.0	4.0
7.105427357601002e-15	5.048709793414476e-29	-1.0	1.0	4.0
0.19231948082133954	0.036986782703389585	-1.0	1.0	4.0
0.33490398537352206	0.11216067941906828	-1.0	1.0	4.0
0.6604153480913197	0.43614843199457903	-1.0	1.0	4.0
1.228629614887339	1.509530730578211	-1.0	1.0	4.0
1.736254662135309	3.014580251786596	-1.0	1.0	4.0
2.3222205692922984	5.392708372444246	-1.0	1.0	4.0
2.6001553839905824	6.7608080208952135	-1.0	1.0	4.0
2.685543932670811	7.212146214305005	-1.0	1.0	4.0
28.81461523644062	830.2820512241159	-1.0	1.0	4.0
29.015435438750487	841.8954937002976	-1.0	1.0	4.0
29.355906206397872	861.7692291988291	-1.0	1.0	4.0
29.384114128437947	863.4261631130665	-1.0	1.0	4.0
29.653658528967824	879.3394641526262	-1.0	1.0	4.0
30.081048204182398	904.8694610623451	-1.0	1.0	4.0
30.14864632848516	908.9408754400818	-1.0	1.0	4.0
30.528452533805247	931.9864141088	-1.0	1.0	4.0
30.756026306438745	945.9331541623521	-1.0	1.0	4.0
31.02300556772234	962.4268744549313	-1.0	1.0	4.0
31.260696710146263	977.2311588037494	-1.0	1.0	4.0
31.502787441259674	992.4256165691883	-1.0	1.0	4.0
31.592246718308424	998.0700527104693	-1.0	1.0	4.0
31.761336082421835	1008.7824697405512	-1.0	1.0	4.0
32.1890098002882	1036.1323519230496	-1.0	1.0	4.0
32.209141526684	1037.4287978859597	-1.0	1.0	4.0
32.34802115370435	1046.3944725605043	-1.0	1.0	4.0
32.48217761341778	1055.0918625096194	-1.0	1.0	4.0
32.850672464291826	1079.1666813561812	-1.0	1.0	4.0
33.07938261165494	1094.2455539682594	-1.0	1.0	4.0
33.14765322716461	1098.7669144683564	-1.0	1.0	4.0
33.46517337358637	1119.917828924194	-1.0	1.0	4.0
33.61354749420674	1129.8705751452924	-1.0	1.0	4.0
33.752761752012056	1139.248925888088	-1.0	1.0	4.0
34.04946357739688	1159.3659699084767	-1.0	1.0	4.0
34.126302222711345	1164.6045033958333	-1.0	1.0	4.0
34.54289145216252	1193.2113498758827	-1.0	1.0	4.0
34.869789540868105	1215.9022226244347	-1.0	1.0	4.0
35.20141923382147	1239.139916075256	-1.0	1.0	4.0
35.41709325416217	1254.3704945740194	-1.0	1.0	4.0
-0.3117338049709346	0.0971779651616567	-1.5	2.25	5.0
-0.24992441119174913	0.0624622113095425	-1.5	2.25	5.0
-0.12469659885149298	0.01554924176513016	-1.5	2.25	5.0
-0.06253019437611584	0.003910025208714829	-1.5	2.25	5.0
4.263256414560601e-14	1.8175355256292112e-27	-1.5	2.25	5.0
28.73484278800704	825.6911900514801	-1.5	2.25	5.0
29.051307719685532	843.9784802238602	-1.5	2.25	5.0
29.637213206891822	878.3644066707631	-1.5	2.25	5.0
30.06598161249266	903.9632503227467	-1.5	2.25	5.0
30.54263518678774	932.8525641532046	-1.5	2.25	5.0
30.590894633493157	935.8028344774805	-1.5	2.25	5.0
30.959926822834937	958.5170688752942	-1.5	2.25	5.0
31.43200614049424	987.9710100160677	-1.5	2.25	5.0
31.707725933396883	1005.3798838674093	-1.5	2.25	5.0
31.999999999999986	1023.9999999999991	-1.5	2.25	5.0
32.03105369032211	1025.9884005122976	-1.5	2.25	5.0
32.30390969547727	1043.5425816135505	-1.5	2.25	5.0
32.625305761337096	1064.4105760207356	-1.5	2.25	5.0
33.106607572083774	1096.0474649319547	-1.5	2.25	5.0
33.419519706093794	1116.8642973859914	-1.5	2.25	5.0
33.577969083460076	1127.4800077698007	-1.5	2.25	5.0
33.995645273613974	1155.7038975693922	-1.5	2.25	5.0
34.38870346021925	1182.5829256748953	-1.5	2.25	5.0
35.090503285024916	1231.3434207963444	-1.5	2.25	5.0
35.487133437674025	1259.3366396232818	-1.5	2.25	5.0
29.314456067329196	859.3373345233736	-2.0	4.0	6.0
31.665096014626585	1002.6783056155205	-2.0	4.0	6.0
31.999999999999993	1023.9999999999995	-2.0	4.0	6.0
33.27133037029771	1106.9814246094948	-2.0	4.0	6.0
33.74911754774652	1139.0029352516121	-2.0	4.0	6.0
-3.0204479180442223	9.123105625617677	1.0	1.0	2.0
-2.6855439326707886	7.212146214304886	1.0	1.0	2.0
-1.4142135623730918	1.999999999999991	1.0	1.0	2.0
-0.9364263849242729	0.8768943743823425	1.0	1.0	2.0
-0.3349039853734246	0.11216067941900298	1.0	1.0	2.0
0.9364263849242724	0.8768943743823416	1.0	1.0	2.0
1.2713303702976988	1.6162809104412839	1.0	1.0	2.0
1.4142135623730951	2.0000000000000004	1.0	1.0	2.0
1.7491175477465217	3.0594121958348057	1.0	1.0	2.0
3.020447918044219	9.123105625617658	1.0	1.0	2.0
-3.8616161893874796	14.91207959413948	0.5	0.25	3.0
-3.353592102979689	11.246579993167733	0.5	0.25	3.0
-3.020447918044221	9.123105625617669	0.5	0.25	3.0
-2.1734286330562984	4.72379202298897	0.5	0.25	3.0
-2.149295557030832	4.619471391472475	0.5	0.25	3.0
-1.7491175477465246	3.059412195834816	0.5	0.25	3.0
-1.6652526254747135	2.7730663066504264	0.5	0.25	3.0
-1.4783537304695469	2.1855297523932258	0.5	0.25	3.0
-1.437584396415648	2.066648896817743	0.5	0.25	3.0
-1.4142135623730887	1.999999999999982	0.5	0.25	3.0
-1.2713303702977012	1.61628091044129	0.5	0.25	3.0
-0.9823333686516778	0.964978847166553	0.5	0.25	3.0
-0.9364263849242795	0.876894374382355	0.5	0.25	3.0
-0.4670922428189779	0.21817516330166298	0.5	0.25	3.0
-0.14302693978974101	0.020456705505618202	0.5	0.25	3.0
0.30957163370648333	0.09583459639570109	0.5	0.25	3.0
0.3349039853734257	0.11216067941900373	0.5	0.25	3.0
0.5670966169097214	0.32159857291045124	0.5	0.25	3.0
0.8491704362381989	0.721090429780973	0.5	0.25	3.0
0.9364263849242698	0.8768943743823366	0.5	0.25	3.0
1.0399779199878876	1.081554074062333	0.5	0.25	3.0
1.223866991068586	1.4978504118272744	0.5	0.25	3.0
1.4142135623730954	2.000000000000001	0.5	0.25	3.0
1.7665006104519496	3.1205244067271107	0.5	0.25	3.0
1.8375016971746185	3.3764124871196035	0.5	0.25	3.0
2.4046346085391073	5.782267600584025	0.5	0.25	3.0
2.6192472498179282	6.86045615567878	0.5	0.25	3.0
2.685543932670789	7.212146214304887	0.5	0.25	3.0
2.8945602010307048	8.378478757390914	0.5	0.25	3.0
3.0204479180442143	9.12310562561763	0.5	0.25	3.0
29.373181753307378	862.7838063128295	0.5	0.25	3.0
29.549896421491816	873.1963785208949	0.5	0.25	3.0
29.71261540004305	882.8395139108753	0.5	0.25	3.0
29.939400908661177	896.3677267695417	0.5	0.25	3.0
31.14223660080068	969.8389005002495	0.5	0.25	3.0
31.333366453445045	981.7798533058753	0.5	0.25	3.0
31.576023260481648	997.0452449464781	0.5	0.25	3.0
31.765585312853418	1009.0524102681687	0.5	0.25	3.0
32.042624308096116	1026.7297725497922	0.5	0.25	3.0
32.10214581992937	1030.5477662440087	0.5	0.25	3.0
32.14986004490591	1033.6135009070372	0.5	0.25	3.0
32.18622538948574	1035.9531048227766	0.5	0.25	3.0
32.754468558917665	1072.855210577126	0.5	0.25	3.0
33.22539754312985	1103.927041899019	0.5	0.25	3.0
33.34478998723517	1111.8750192928187	0.5	0.25	3.0
33.52799576016516	1124.1264996936532	0.5	0.25	3.0
33.81546071511698	1143.4853833756197	0.5	0.25	3.0
33.98521223265627	1154.9946504986892	0.5	0.25	3.0
34.206944734549694	1170.115068072537	0.5	0.25	3.0
34.466016615877464	1187.9063013659415	0.5	0.25	3.0
-2.7946339940774902	7.809979160853506	0.0	0.0	4.0
-2.791952628742686	7.794999481143195	0.0	0.0	4.0
-2.0843239294823404	4.344406243012704	0.0	0.0	4.0
-2.0484740532642176	4.196245946896733	0.0	0.0	4.0
-1.8437575784794222	3.3994420082003027	0.0	0.0	4.0
-1.749117547746516	3.0594121958347857	0.0	0.0	4.0
-1.6679365366699885	2.782012290358676	0.0	0.0	4.0
-1.5587415390830157	2.4296751856628886	0.0	0.0	4.0
-1.3630606626192758	1.8579343699800992	0.0	0.0	4.0
-1.2713303702977012	1.61628091044129	0.0	0.0	4.0
-1.0165081926506203	1.0332889057258305	0.0	0.0	4.0
-0.9226101265444897	0.8512094456024393	0.0	0.0	4.0
-0.2418434214884666	0.05848824051724811	0.0	0.0	4.0
-0.23407067711017815	0.054789081882817274	0.0	0.0	4.0
-0.19048670871146411	0.036285186195726175	0.0	0.0	4.0
-0.1563868096406642	0.024456834229585344	0.0	0.0	4.0
-0.08431931669632897	0.007109747168135822	0.0	0.0	4.0
-3.1086244689504383e-15	9.663546088957395e-30	0.0	0.0	4.0
0.1923194808213422	0.03698678270339061	0.0	0.0	4.0
0.33490398537342525	0.11216067941900343	0.0	0.0	4.0
0.6436305728223344	0.41426031427160626	0.0	0.0	4.0
0.6604153480913024	0.43614843199455616	0.0	0.0	4.0
1.2286296148873754	1.5095307305783006	0.0	0.0	4.0
1.2533969865600296	1.571004005917763	0.0	0.0	4.0
1.6841972374981662	2.8365203347964543	0.0	0.0	4.0
1.7362546621353152	3.0145802517866174	0.0	0.0	4.0
2.2353008221920314	4.996569765692372	0.0	0.0	4.0
2.322220569292294	5.3927083724442255	0.0	0.0	4.0
2.6001553839905576	6.760808020895084	0.0	0.0	4.0
2.6855439326707913	7.2121462143049	0.0	0.0	4.0
28.18505973022045	794.3975919960943	0.0	0.0	4.0
28.509293478030536	812.7798146164745	0.0	0.0	4.0
28.814615236440574	830.2820512241133	0.0	0.0	4.0
28.97424940948409	839.5071288429892	0.0	0.0	4.0
29.015435438750483	841.8954937002975	0.0	0.0	4.0
29.355906206397854	861.769229198828	0.0	0.0	4.0
29.38411412843796	863.4261631130674	0.0	0.0	4.0
29.5243780147051	871.6888971552019	0.0	0.0	4.0
29.65365852896781	879.3394641526254	0.0	0.0	4.0
29.85428651114084	891.278423089286	0.0	0.0	4.0
30.081048204182423	904.8694610623465	0.0	0.0	4.0
30.1399285994565	908.4152959803358	0.0	0.0	4.0
30.148646328485142	908.9408754400806	0.0	0.0	4.0
30.206501538605984	912.4327352018057	0.0	0.0	4.0
30.528452533805208	931.9864141087976	0.0	0.0	4.0
30.548754395059078	933.2263950896413	0.0	0.0	4.0
30.756026306438745	945.9331541623521	0.0	0.0	4.0
30.773833402037617	947.0288222563662	0.0	0.0	4.0
30.967626122144758	958.9938676409423	0.0	0.0	4.0
31.023005567722343	962.4268744549315	0.0	0.0	4.0
31.260696710146263	977.2311588037494	0.0	0.0	4.0
31.472909471793223	990.5440306196915	0.0	0.0	4.0
31.502787441259606	992.425616569184	0.0	0.0	4.0
31.542531986833552	994.9313241404178	0.0	0.0	4.0
31.59224671830841	998.0700527104684	0.0	0.0	4.0
31.6976444117794	1004.7406612556099	0.0	0.0	4.0
31.761336082421842	1008.7824697405516	0.0	0.0	4.0
31.808840024144487	1011.8023036816163	0.0	0.0	4.0
31.889697267040248	1016.9527917834743	0.0	0.0	4.0
32.07817086725526	1029.009046188824	0.0	0.0	4.0
32.18900980028819	1036.132351923049	0.0	0.0	4.0
32.20914152668401	1037.4287978859602	0.0	0.0	4.0
32.34802115370434	1046.3944725605033	0.0	0.0	4.0
32.48217761341777	1055.0918625096185	0.0	0.0	4.0
32.59707669754488	1062.5694092256233	0.0	0.0	4.0
32.62470948594569	1064.3716690423544	0.0	0.0	4.0
32.73563732868174	1071.6219513149813	0.0	0.0	4.0
32.85067246429182	1079.1666813561808	0.0	0.0	4.0
33.00437402730254	1089.2887049340825	0.0	0.0	4.0
33.07938261165495	1094.2455539682599	0.0	0.0	4.0
33.11477350985503	1096.5882246089961	0.0	0.0	4.0
33.147653227164575	1098.7669144683541	0.0	0.0	4.0
33.180255642156396	1100.9293644788513	0.0	0.0	4.0
33.46517337358638	1119.917828924195	0.0	0.0	4.0
33.56641927941841	1126.704503241712	0.0	0.0	4.0
33.61354749420674	1129.8705751452924	0.0	0.0	4.0
33.752761752012056	1139.248925888088	0.0	0.0	4.0
33.80342264268904	1142.6713823602622	0.0	0.0	4.0
33.888675810252046	1148.4423481723622	0.0	0.0	4.0
33.946998769705104	1152.3987254703598	0.0	0.0	4.0
34.04946357739689	1159.3659699084776	0.0	0.0	4.0
34.12630222271137	1164.6045033958349	0.0	0.0	4.0
34.420336036370735	1184.7595328566817	0.0	0.0	4.0
34.54289145216254	1193.211349875884	0.0	0.0	4.0
34.769539325333376	1208.920864895904	0.0	0.0	4.0
34.86978954086807	1215.9022226244322	0.0	0.0	4.0
34.95503908482984	1221.854757421982	0.0	0.0	4.0
35.20141923382144	1239.139916075254	0.0	0.0	4.0
35.21790750889158	1240.3010093048417	0.0	0.0	4.0
35.417093254162154	1254.3704945740183	0.0	0.0	4.0
64.06374406269332	4104.163303330273	0.0	0.0	4.0
64.09938981795464	4108.731775034107	0.0	0.0	4.0
64.12382908728064	4111.865456814779	0.0	0.0	4.0
64.1482805488184	4115.001897369913	0.0	0.0	4.0
64.18536959339887	4119.761669841213	0.0	0.0	4.0
64.18828342107264	4120.135728543949	0.0	0.0	4.0
64.28100669896165	4132.0478222319525	0.0	0.0	4.0
64.31089561315515	4135.891294566139	0.0	0.0	4.0
64.33885631479582	4139.488431895942	0.0	0.0	4.0
64.48158423023307	4157.874704840642	0.0	0.0	4.0
-0.43474256994768723	0.1890011021247197	-0.5	0.25	5.0
-0.3120148126888787	0.09735324333727606	-0.5	0.25	5.0
-0.31173380497082287	0.09717796516158703	-0.5	0.25	5.0
-0.31164197376673786	0.09712071981322813	-0.5	0.25	5.0
-0.24992441119178027	0.06246221130955806	-0.5	0.25	5.0
-0.2497477802931922	0.062373953761376597	-0.5	0.25	5.0
-0.18725814666596716	0.03506561349277287	-0.5	0.25	5.0
-0.12469659885150355	0.015549241765132798	-0.5	0.25	5.0
-0.06253019437611959	0.003910025208715298	-0.5	0.25	5.0
-7.605027718682322e-15	5.783644660192645e-29	-0.5	0.25	5.0
28.52558765783558	813.7091512248616	-0.5	0.25	5.0
28.611495917488817	818.6176986364792	-0.5	0.25	5.0
28.734842788007064	825.6911900514816	-0.5	0.25	5.0
29.051307719685546	843.978480223861	-0.5	0.25	5.0
29.06036276103185	844.5046838027667	-0.5	0.25	5.0
29.11079827931153	847.4385764587672	-0.5	0.25	5.0
29.44729523764383	867.1431968129609	-0.5	0.25	5.0
29.47252584831529	868.6297798796129	-0.5	0.25	5.0
29.637213206891836	878.3644066707639	-0.5	0.25	5.0
29.794468020749527	887.7103246394662	-0.5	0.25	5.0
29.795341763747548	887.7623908185188	-0.5	0.25	5.0
30.065981612492678	903.9632503227479	-0.5	0.25	5.0
30.34070713660525	920.5585095492487	-0.5	0.25	5.0
30.372097420684444	922.4643017315467	-0.5	0.25	5.0
30.466001412338436	928.1772420566076	-0.5	0.25	5.0
30.54263518678775	932.8525641532051	-0.5	0.25	5.0
30.590894633493168	935.802834477481	-0.5	0.25	5.0
30.60465540446497	936.6449324260469	-0.5	0.25	5.0
30.679211647625323	941.2140273197892	-0.5	0.25	5.0
30.851338117317106	951.8050636290234	-0.5	0.25	5.0
30.959926822834923	958.5170688752934	-0.5	0.25	5.0
31.43200614049429	987.9710100160709	-0.5	0.25	5.0
31.436650296249283	988.2629818486702	-0.5	0.25	5.0
31.471788327214274	990.4734605129806	-0.5	0.25	5.0
31.56374268856892	996.2698525101879	-0.5	0.25	5.0
31.57405730361139	996.9210946117357	-0.5	0.25	5.0
31.70772593339688	1005.379883867409	-0.5	0.25	5.0
31.782035834837764	1010.0978018069118	-0.5	0.25	5.0
31.92181737587037	1019.0024245784193	-0.5	0.25	5.0
31.947529222612346	1020.6446234296698	-0.5	0.25	5.0
32.00000000000001	1024.0000000000005	-0.5	0.25	5.0
32.008811673593996	1024.5640247556073	-0.5	0.25	5.0
32.03105369032213	1025.988400512299	-0.5	0.25	5.0
32.296167580033014	1043.0424403575755	-0.5	0.25	5.0
32.29870103307462	1043.2060884239356	-0.5	0.25	5.0
32.303909695477266	1043.54258161355	-0.5	0.25	5.0
32.46535633808331	1053.9993621587262	-0.5	0.25	5.0
32.49210191586569	1055.7366869110028	-0.5	0.25	5.0
32.62530576133709	1064.410576020735	-0.5	0.25	5.0
32.99844011797308	1088.8970502194554	-0.5	0.25	5.0
33.10660757208378	1096.0474649319551	-0.5	0.25	5.0
33.14685789005604	1098.7141879835704	-0.5	0.25	5.0
33.30005150603668	1108.8934303046958	-0.5	0.25	5.0
33.41951970609381	1116.8642973859924	-0.5	0.25	5.0
33.43977905868542	1118.2188234936957	-0.5	0.25	5.0
33.476033649961074	1120.6448289333262	-0.5	0.25	5.0
33.507591563413804	1122.75869238056	-0.5	0.25	5.0
33.57796908346005	1127.4800077697987	-0.5	0.25	5.0
33.9485603213494	1152.5047478922986	-0.5	0.25	5.0
33.99564527361397	1155.7038975693915	-0.5	0.25	5.0
33.99740720948734	1155.8236969677018	-0.5	0.25	5.0
34.320045443439845	1177.8655192397762	-0.5	0.25	5.0
34.33956402937549	1179.205657727579	-0.5	0.25	5.0
34.388703460219276	1182.582925674897	-0.5	0.25	5.0
34.780160457863744	1209.6595614747487	-0.5	0.25	5.0
34.82731090568235	1212.941584921061	-0.5	0.25	5.0
35.09050328502492	1231.3434207963448	-0.5	0.25	5.0
35.20957082737807	1239.713877848153	-0.5	0.25	5.0
35.324854270088075	1247.8453292029596	-0.5	0.25	5.0
35.48713343767402	1259.3366396232814	-0.5	0.25	5.0
61.58269973543002	3792.4289067041327	-0.5	0.25	5.0
61.755259359548816	3813.712058565142	-0.5	0.25	5.0
61.839336411439426	3824.103527807178	-0.5	0.25	5.0
61.93174675398994	3835.5412560003438	-0.5	0.25	5.0
62.1445503610104	3861.945139572158	-0.5	0.25	5.0
62.272700430581466	3877.889218916941	-0.5	0.25	5.0
62.8578639692395	3951.111062775418	-0.5	0.25	5.0
62.97477527794229	3965.8223213073315	-0.5	0.25	5.0
63.164553052623965	3989.7607623377476	-0.5	0.25	5.0
63.342837178861075	4012.3150218677047	-0.5	0.25	5.0
63.37088395963781	4015.8689338258805	-0.5	0.25	5.0
63.586785995306705	4043.279353212933	-0.5	0.25	5.0
64.07737479232415	4105.909960275979	-0.5	0.25	5.0
64.1413196945181	4114.108892154376	-0.5	0.25	5.0
64.164151080561	4117.038283889057	-0.5	0.25	5.0
64.16842861778261	4117.587231275462	-0.5	0.25	5.0
64.20322141116151	4122.053639570628	-0.5	0.25	5.0
64.26470092050923	4129.9517844024995	-0.5	0.25	5.0
64.54432365128402	4165.969715601701	-0.5	0.25	5.0
64.79904846692462	4198.916682218845	-0.5	0.25	5.0
64.92811884518746	4215.660616774787	-0.5	0.25	5.0
65.05614073804183	4232.301447727907	-0.5	0.25	5.0
65.2815320473421	4261.678426448153	-0.5	0.25	5.0
65.58433659121283	4301.305206109499	-0.5	0.25	5.0
66.00327026673776	4356.431685904028	-0.5	0.25	5.0
66.21676363515594	4384.6597863141105	-0.5	0.25	5.0
66.45749000523374	4416.597977795742	-0.5	0.25	5.0
66.468380890094	4418.045658150613	-0.5	0.25	5.0
66.64055393458077	4440.963428707768	-0.5	0.25	5.0
66.66538374353432	4444.27338967269	-0.5	0.25	5.0
29.22544585503544	854.1266854256081	-1.0	1.0	6.0
29.31445606732918	859.3373345233725	-1.0	1.0	6.0
29.433183569255775	866.3122950215081	-1.0	1.0	6.0
30.00344229898927	900.2065497887786	-1.0	1.0	6.0
30.494403377401618	929.9086373436832	-1.0	1.0	6.0
31.062265664456348	964.8643482092638	-1.0	1.0	6.0
31.52228299687757	993.6543253352369	-1.0	1.0	6.0
31.66509601462657	1002.6783056155195	-1.0	1.0	6.0
31.804157943281695	1011.5044624812081	-1.0	1.0	6.0
31.83371981839139	1013.3857174758448	-1.0	1.0	6.0
31.919728043743454	1018.8690383865423	-1.0	1.0	6.0
31.999999999999986	1023.9999999999991	-1.0	1.0	6.0
32.65805425056665	1066.5485074329545	-1.0	1.0	6.0
33.17935717505721	1100.8697425500206	-1.0	1.0	6.0
33.18434198267302	1101.200552822995	-1.0	1.0	6.0
33.271330370297704	1106.9814246094943	-1.0	1.0	6.0
33.65308367424745	1132.5300407859002	-1.0	1.0	6.0
33.68607985934989	1134.7519762904983	-1.0	1.0	6.0
33.749117547746536	1139.0029352516133	-1.0	1.0	6.0
34.07200894209761	1160.9017933503796	-1.0	1.0	6.0
60.86468910676905	3704.510380063651	-1.0	1.0	6.0
60.96315089986501	3716.5057676397123	-1.0	1.0	6.0
61.20603560471343	3746.1787944454477	-1.0	1.0	6.0
61.74134728441344	3811.993964494547	-1.0	1.0	6.0
62.106808588844665	3857.2556730913893	-1.0	1.0	6.0
62.15188562518635	3862.856886766246	-1.0	1.0	6.0
62.35151395960805	3887.7112930551975	-1.0	1.0	6.0
62.54760998660018	3912.2035150358465	-1.0	1.0	6.0
62.74155307084328	3936.502481741444	-1.0	1.0	6.0
62.982523737002595	3966.798296282095	-1.0	1.0	6.0
63.007970317499975	3970.004323530958	-1.0	1.0	6.0
63.24920336015874	4000.4617256947154	-1.0	1.0	6.0
63.58511747462294	4043.0671642616	-1.0	1.0	6.0
63.73689729308283	4062.3920765489897	-1.0	1.0	6.0
63.87312936487811	4079.7766548624545	-1.0	1.0	6.0
63.91249093864777	4084.8064979827336	-1.0	1.0	6.0
64.32464856577043	4137.660413109872	-1.0	1.0	6.0
64.55173613134002	4166.926637570149	-1.0	1.0	6.0
64.62139081081482	4175.924150324062	-1.0	1.0	6.0
64.90914861833875	4213.197574357587	-1.0	1.0	6.0
65.01029496255026	4226.338451117788	-1.0	1.0	6.0
65.36713600670748	4272.862469719394	-1.0	1.0	6.0
65.57994068134441	4300.728619768652	-1.0	1.0	6.0
65.91714172669262	4345.069573416881	-1.0	1.0	6.0
66.13805502138956	4374.242322012353	-1.0	1.0	6.0
66.56308851084327	4430.644752102356	-1.0	1.0	6.0
66.80269985222569	4462.600707546554	-1.0	1.0	6.0
66.8141019097501	4464.124214006471	-1.0	1.0	6.0
67.10625868132466	4503.249954204862	-1.0	1.0	6.0
67.54087645674696	4561.769992545555	-1.0	1.0	6.0
60.97955208195574	3718.5057721159524	-1.5	2.25	7.0
61.31445606732921	3759.462522832444	-1.5	2.25	7.0
62.58578643762686	3916.980664016238	-1.5	2.25	7.0
63.06357361507573	3977.014317104076	-1.5	2.25	7.0
63.66509601462658	4053.244450551621	-1.5	2.25	7.0
64.93642638492426	4216.739471644688	-1.5	2.25	7.0
65.27133037029769	4260.346568308546	-1.5	2.25	7.0
65.41421356237308	4279.019335983754	-1.5	2.25	7.0
65.74911754774652	4322.94645830739	-1.5	2.25	7.0
67.02044791804423	4491.740439135278	-1.5	2.25	7.0
-3.0204479180442125	9.123105625617619	1.5	2.25	3.0
-1.749117547746522	3.0594121958348066	1.5	2.25	3.0
-1.4142135623730998	2.0000000000000133	1.5	2.25	3.0
-1.2713303702976977	1.6162809104412812	1.5	2.25	3.0
-0.936426384924272	0.8768943743823409	1.5	2.25	3.0
0.3349039853734259	0.11216067941900389	1.5	2.25	3.0
0.9364263849242707	0.8768943743823383	1.5	2.25	3.0
1.4142135623730956	2.0000000000000013	1.5	2.25	3.0
2.685543932670787	7.212146214304876	1.5	2.25	3.0
3.020447918044219	9.123105625617658	1.5	2.25	3.0
-2.794633994077479	7.809979160853444	1.0	1.0	4.0
-2.048474053264208	4.196245946896693	1.0	1.0	4.0
-1.8437575784794191	3.399442008200291	1.0	1.0	4.0
-1.749117547746522	3.0594121958348066	1.0	1.0	4.0
-1.5587415390829946	2.429675185662823	1.0	1.0	4.0
-1.3630606626192758	1.8579343699800992	1.0	1.0	4.0
-1.2713303702976617	1.6162809104411897	1.0	1.0	4.0
-0.922610126544491	0.8512094456024417	1.0	1.0	4.0
-0.190486708711471	0.0362851861957288	1.0	1.0	4.0
-0.15638680964067198	0.024456834229587773	1.0	1.0	4.0
-0.08431931669637294	0.007109747168143236	1.0	1.0	4.0
3.552713678800501e-14	1.2621774483536189e-27	1.0	1.0	4.0
0.19231948082132533	0.03698678270338412	1.0	1.0	4.0
0.33490398537351496	0.11216067941906352	1.0	1.0	4.0
0.6604153480913055	0.43614843199456027	1.0	1.0	4.0
1.228629614887339	1.509530730578211	1.0	1.0	4.0
1.736254662135309	3.014580251786596	1.0	1.0	4.0
2.3222205692922984	5.392708372444246	1.0	1.0	4.0
2.6001553839905682	6.760808020895139	1.0	1.0	4.0
2.685543932670818	7.212146214305043	1.0	1.0	4.0
28.814615236440606	830.2820512241151	1.0	1.0	4.0
29.01543543875049	841.8954937002978	1.0	1.0	4.0
29.355906206397854	861.769229198828	1.0	1.0	4.0
29.384114128437947	863.4261631130665	1.0	1.0	4.0
29.65365852896782	879.339464152626	1.0	1.0	4.0
30.081048204182387	904.8694610623444	1.0	1.0	4.0
30.14864632848515	908.9408754400811	1.0	1.0	4.0
30.528452533805254	931.9864141088004	1.0	1.0	4.0
30.75602630643874	945.9331541623519	1.0	1.0	4.0
31.02300556772234	962.4268744549313	1.0	1.0	4.0
31.260696710146256	977.2311588037489	1.0	1.0	4.0
31.502787441259656	992.4256165691871	1.0	1.0	4.0
31.592246718308417	998.0700527104689	1.0	1.0	4.0
31.761336082421817	1008.78246974055	1.0	1.0	4.0
32.18900980028819	1036.132351923049	1.0	1.0	4.0
32.20914152668399	1037.4287978859593	1.0	1.0	4.0
32.34802115370435	1046.3944725605043	1.0	1.0	4.0
32.48217761341778	1055.0918625096194	1.0	1.0	4.0
32.85067246429182	1079.1666813561808	1.0	1.0	4.0
33.07938261165494	1094.2455539682594	1.0	1.0	4.0
33.14765322716461	1098.7669144683564	1.0	1.0	4.0
33.46517337358636	1119.9178289241934	1.0	1.0	4.0
33.61354749420674	1129.8705751452924	1.0	1.0	4.0
33.75276175201205	1139.2489258880876	1.0	1.0	4.0
34.04946357739687	1159.365969908476	1.0	1.0	4.0
34.12630222271134	1164.6045033958328	1.0	1.0	4.0
34.54289145216253	1193.2113498758831	1.0	1.0	4.0
34.86978954086809	1215.9022226244338	1.0	1.0	4.0
35.20141923382146	1239.1399160752555	1.0	1.0	4.0
35.41709325416217	1254.3704945740194	1.0	1.0	4.0
-0.4347425699476588	0.189001102124695	0.5	0.25	5.0
-0.3120148126888805	0.09735324333727717	0.5	0.25	5.0
-0.3117338049708382	0.09717796516159659	0.5	0.25	5.0
-0.3116419737667623	0.09712071981324336	0.5	0.25	5.0
-0.24992441119173098	0.06246221130953342	0.5	0.25	5.0
-0.24974778029322	0.06237395376139049	0.5	0.25	5.0
-0.18725814666596838	0.035065613492773325	0.5	0.25	5.0
-0.12469659885151013	0.015549241765134439	0.5	0.25	5.0
-0.06253019437605128	0.003910025208706756	0.5	0.25	5.0
-1.9984014443252818e-14	3.9936083326813723e-28	0.5	0.25	5.0
28.525587657835587	813.7091512248619	0.5	0.25	5.0
28.611495917488796	818.617698636478	0.5	0.25	5.0
28.734842788007036	825.69119005148	0.5	0.25	5.0
29.051307719685532	843.9784802238602	0.5	0.25	5.0
29.06036276103185	844.5046838027667	0.5	0.25	5.0
29.110798279311595	847.438576458771	0.5	0.25	5.0
29.44729523764382	867.1431968129605	0.5	0.25	5.0
29.472525848315293	868.629779879613	0.5	0.25	5.0
29.637213206891857	878.3644066707651	0.5	0.25	5.0
29.79446802074951	887.7103246394652	0.5	0.25	5.0
29.795341763747544	887.7623908185186	0.5	0.25	5.0
30.065981612492656	903.9632503227465	0.5	0.25	5.0
30.340707136605232	920.5585095492477	0.5	0.25	5.0
30.37209742068443	922.4643017315458	0.5	0.25	5.0
30.466001412338436	928.1772420566076	0.5	0.25	5.0
30.542635186787763	932.852564153206	0.5	0.25	5.0
30.59089463349316	935.8028344774807	0.5	0.25	5.0
30.604655404464992	936.6449324260483	0.5	0.25	5.0
30.679211647625294	941.2140273197875	0.5	0.25	5.0
30.8513381173171	951.8050636290229	0.5	0.25	5.0
30.959926822834923	958.5170688752934	0.5	0.25	5.0
31.432006140494245	987.9710100160679	0.5	0.25	5.0
31.43665029624927	988.2629818486693	0.5	0.25	5.0
31.47178832721429	990.4734605129818	0.5	0.25	5.0
31.563742688568944	996.2698525101895	0.5	0.25	5.0
31.574057303611394	996.921094611736	0.5	0.25	5.0
31.70772593339693	1005.3798838674122	0.5	0.25	5.0
31.782035834837764	1010.0978018069118	0.5	0.25	5.0
31.92181737587039	1019.0024245784207	0.5	0.25	5.0
31.947529222612317	1020.644623429668	0.5	0.25	5.0
32.000000000000036	1024.0000000000023	0.5	0.25	5.0
32.008811673594	1024.5640247556078	0.5	0.25	5.0
32.03105369032215	1025.9884005123004	0.5	0.25	5.0
32.296167580033	1043.0424403575746	0.5	0.25	5.0
32.29870103307462	1043.2060884239356	0.5	0.25	5.0
32.3039096954773	1043.5425816135523	0.5	0.25	5.0
32.4653563380833	1053.9993621587257	0.5	0.25	5.0
32.49210191586568	1055.7366869110024	0.5	0.25	5.0
32.62530576133709	1064.410576020735	0.5	0.25	5.0
32.99844011797308	1088.8970502194554	0.5	0.25	5.0
33.10660757208373	1096.047464931952	0.5	0.25	5.0
33.146857890056054	1098.7141879835713	0.5	0.25	5.0
33.300051506036695	1108.8934303046967	0.5	0.25	5.0
33.4195197060938	1116.864297385992	0.5	0.25	5.0
33.43977905868541	1118.2188234936953	0.5	0.25	5.0
33.476033649961074	1120.6448289333262	0.5	0.25	5.0
33.50759156341384	1122.7586923805623	0.5	0.25	5.0
33.5779690834601	1127.4800077698021	0.5	0.25	5.0
33.94856032134939	1152.5047478922982	0.5	0.25	5.0
33.99564527361398	1155.7038975693927	0.5	0.25	5.0
33.99740720948734	1155.8236969677018	0.5	0.25	5.0
34.32004544343986	1177.865519239777	0.5	0.25	5.0
34.33956402937549	1179.205657727579	0.5	0.25	5.0
34.38870346021928	1182.5829256748978	0.5	0.25	5.0
34.78016045786376	1209.6595614747498	0.5	0.25	5.0
34.82731090568235	1212.941584921061	0.5	0.25	5.0
35.090503285024894	1231.3434207963428	0.5	0.25	5.0
35.20957082737809	1239.713877848154	0.5	0.25	5.0
35.32485427008811	1247.8453292029621	0.5	0.25	5.0
35.487133437674004	1259.3366396232805	0.5	0.25	5.0
61.58269973543001	3792.428906704132	0.5	0.25	5.0
61.75525935954887	3813.7120585651487	0.5	0.25	5.0
61.839336411439426	3824.103527807178	0.5	0.25	5.0
61.931746753989934	3835.541256000343	0.5	0.25	5.0
62.14455036101042	3861.94513957216	0.5	0.25	5.0
62.27270043058148	3877.889218916943	0.5	0.25	5.0
62.85786396923952	3951.1110627754197	0.5	0.25	5.0
62.974775277942285	3965.8223213073306	0.5	0.25	5.0
63.16455305262396	3989.7607623377467	0.5	0.25	5.0
63.34283717886111	4012.315021867709	0.5	0.25	5.0
63.37088395963782	4015.8689338258823	0.5	0.25	5.0
63.58678599530671	4043.279353212934	0.5	0.25	5.0
64.07737479232412	4105.909960275975	0.5	0.25	5.0
64.14131969451812	4114.108892154378	0.5	0.25	5.0
64.164151080561	4117.038283889057	0.5	0.25	5.0
64.16842861778261	4117.587231275462	0.5	0.25	5.0
64.20322141116151	4122.053639570628	0.5	0.25	5.0
64.26470092050924	4129.951784402501	0.5	0.25	5.0
64.54432365128402	4165.969715601701	0.5	0.25	5.0
64.79904846692463	4198.916682218847	0.5	0.25	5.0
64.92811884518748	4215.6606167747905	0.5	0.25	5.0
65.05614073804185	4232.301447727908	0.5	0.25	5.0
65.28153204734211	4261.678426448155	0.5	0.25	5.0
65.58433659121287	4301.305206109504	0.5	0.25	5.0
66.00327026673781	4356.431685904036	0.5	0.25	5.0
66.21676363515593	4384.659786314109	0.5	0.25	5.0
66.45749000523374	4416.597977795742	0.5	0.25	5.0
66.468380890094	4418.045658150613	0.5	0.25	5.0
66.64055393458075	4440.963428707766	0.5	0.25	5.0
66.66538374353435	4444.273389672694	0.5	0.25	5.0
29.22544585503545	854.1266854256087	0.0	0.0	6.0
29.3144560673292	859.3373345233738	0.0	0.0	6.0
29.34540765368726	861.1529503610868	0.0	0.0	6.0
29.433183569255796	866.3122950215094	0.0	0.0	6.0
29.943101738803456	896.5893417403346	0.0	0.0	6.0
30.003442298989288	900.2065497887796	0.0	0.0	6.0
30.49440337740164	929.9086373436845	0.0	0.0	6.0
30.521970566370864	931.5906872544094	0.0	0.0	6.0
31.05333149243839	964.3093967792659	0.0	0.0	6.0
31.062265664456362	964.8643482092647	0.0	0.0	6.0
31.52228299687755	993.6543253352355	0.0	0.0	6.0
31.665096014626577	1002.67830561552	0.0	0.0	6.0
31.751659092617075	1008.1678551337726	0.0	0.0	6.0
31.754786345426435	1008.3664558436811	0.0	0.0	6.0
31.80415794328166	1011.5044624812058	0.0	0.0	6.0
31.83371981839138	1013.3857174758441	0.0	0.0	6.0
31.919728043743465	1018.869038386543	0.0	0.0	6.0
31.99999999999999	1023.9999999999993	0.0	0.0	6.0
32.582246691312214	1061.6027994535257	0.0	0.0	6.0
32.658054250566686	1066.5485074329567	0.0	0.0	6.0
33.071002878761085	1093.691231407024	0.0	0.0	6.0
33.17935717505715	1100.8697425500163	0.0	0.0	6.0
33.18434198267305	1101.200552822997	0.0	0.0	6.0
33.2713303702977	1106.9814246094938	0.0	0.0	6.0
33.644902843485	1131.979487347545	0.0	0.0	6.0
33.65308367424748	1132.5300407859024	0.0	0.0	6.0
33.686079859349924	1134.7519762905006	0.0	0.0	6.0
33.74911754774653	1139.0029352516126	0.0	0.0	6.0
34.065509284464305	1160.4589228099237	0.0	0.0	6.0
34.07200894209764	1160.9017933503815	0.0	0.0	6.0
60.59109410080249	3671.280684332303	0.0	0.0	6.0
60.86468910676906	3704.5103800636525	0.0	0.0	6.0
60.96315089986503	3716.505767639714	0.0	0.0	6.0
61.101955309175224	3733.4489426044465	0.0	0.0	6.0
61.197092231908485	3745.084097640714	0.0	0.0	6.0
61.20603560471342	3746.178794445447	0.0	0.0	6.0
61.59206480475584	3793.5824469132435	0.0	0.0	6.0
61.74134728441343	3811.9939644945457	0.0	0.0	6.0
62.10680858884471	3857.255673091395	0.0	0.0	6.0
62.14331300736065	3861.7913515307996	0.0	0.0	6.0
62.15188562518636	3862.856886766247	0.0	0.0	6.0
62.19678542561638	3868.4401172801668	0.0	0.0	6.0
62.22150435848033	3871.515604632387	0.0	0.0	6.0
62.351513959608006	3887.711293055192	0.0	0.0	6.0
62.54760998660019	3912.2035150358483	0.0	0.0	6.0
62.575849647910765	3915.7369591579336	0.0	0.0	6.0
62.741553070843274	3936.5024817414433	0.0	0.0	6.0
62.81872204982944	3946.1918399737274	0.0	0.0	6.0
62.93404261333355	3960.6937196568833	0.0	0.0	6.0
62.981143391245986	3966.624422868688	0.0	0.0	6.0
62.982523737002595	3966.798296282095	0.0	0.0	6.0
63.00797031749996	3970.0043235309563	0.0	0.0	6.0
63.24920336015878	4000.461725694721	0.0	0.0	6.0
63.28604035253674	4005.1229035029082	0.0	0.0	6.0
63.42359085700607	4022.5518771969037	0.0	0.0	6.0
63.51256184550541	4033.8455121791494	0.0	0.0	6.0
63.58511747462294	4043.0671642616	0.0	0.0	6.0
63.736897293082805	4062.392076548986	0.0	0.0	6.0
63.76542725441336	4066.0297129378823	0.0	0.0	6.0
63.87312936487813	4079.7766548624572	0.0	0.0	6.0
63.91249093864774	4084.80649798273	0.0	0.0	6.0
63.94544794320331	4089.020312656925	0.0	0.0	6.0
64.21198598763016	4123.179144475612	0.0	0.0	6.0
64.30503267489044	4135.137227318727	0.0	0.0	6.0
64.3246485657704	4137.660413109868	0.0	0.0	6.0
64.46011613942852	4155.106572708613	0.0	0.0	6.0
64.55173613133996	4166.926637570142	0.0	0.0	6.0
64.6213908108148	4175.92415032406	0.0	0.0	6.0
64.70394241953542	4186.600164630556	0.0	0.0	6.0
64.90914861833875	4213.197574357587	0.0	0.0	6.0
64.91190371472861	4213.555243870198	0.0	0.0	6.0
65.0102949625502	4226.33845111778	0.0	0.0	6.0
65.23886970082279	4256.110119840934	0.0	0.0	6.0
65.36713600670745	4272.86246971939	0.0	0.0	6.0
65.57552143918511	4300.149012021026	0.0	0.0	6.0
65.57994068134441	4300.728619768652	0.0	0.0	6.0
65.8728675333806	4339.234677070308	0.0	0.0	6.0
65.91714172669259	4345.069573416878	0.0	0.0	6.0
66.02314410265386	4359.0555571997975	0.0	0.0	6.0
66.13805502138955	4374.242322012351	0.0	0.0	6.0
66.16006077864175	4377.15364223357	0.0	0.0	6.0
66.50273895071243	4422.614287946604	0.0	0.0	6.0
66.56308851084326	4430.644752102354	0.0	0.0	6.0
66.80269985222569	4462.600707546554	0.0	0.0	6.0
66.8141019097501	4464.124214006471	0.0	0.0	6.0
67.01747022517058	4491.3413153816255	0.0	0.0	6.0
67.1062586813247	4503.249954204867	0.0	0.0	6.0
67.27473545512353	4525.890030556855	0.0	0.0	6.0
67.45385362215256	4550.022368478784	0.0	0.0	6.0
67.54087645674699	4561.769992545559	0.0	0.0	6.0
96.06125949597005	9227.765575952097	0.0	0.0	6.0
96.0967420643068	9234.583835373911	0.0	0.0	6.0
96.1264430019421	9240.293044205624	0.0	0.0	6.0
96.14243994766164	9243.368759089726	0.0	0.0	6.0
96.18596616899652	9251.740087863342	0.0	0.0	6.0
96.18920593815784	9252.36333901334	0.0	0.0	6.0
96.29093670397624	9271.944491329159	0.0	0.0	6.0
96.3121829814146	9276.036590645486	0.0	0.0	6.0
96.38349019285624	9289.777181756415	0.0	0.0	6.0
96.47853698021186	9308.108097842107	0.0	0.0	6.0
60.855186256337056	3703.3536942934747	-0.5	0.25	7.0
60.97955208195576	3718.505772115955	-0.5	0.25	7.0
61.22997905553193	3749.1103351408783	-0.5	0.25	7.0
61.314456067329196	3759.462522832442	-0.5	0.25	7.0
61.486730641960165	3780.618045036963	-0.5	0.25	7.0
62.00421107273815	3844.5221907526643	-0.5	0.25	7.0
62.05980115346949	3851.4189192081735	-0.5	0.25	7.0
62.58578643762688	3916.9806640162406	-0.5	0.25	7.0
62.6520713216646	3925.282040894948	-0.5	0.25	7.0
62.70045135876772	3931.3466005931973	-0.5	0.25	7.0
63.06357361507571	3977.0143171040736	-0.5	0.25	7.0
63.0729638140302	3978.1987642859635	-0.5	0.25	7.0
63.24948703758064	4000.4976105170817	-0.5	0.25	7.0
63.57632699256476	4041.9493538655183	-0.5	0.25	7.0
63.66509601462657	4053.24445055162	-0.5	0.25	7.0
63.94698961774471	4089.21748117195	-0.5	0.25	7.0
64.27177241097684	4130.860728848404	-0.5	0.25	7.0
64.82496838044294	4202.276525525427	-0.5	0.25	7.0
64.93642638492429	4216.739471644692	-0.5	0.25	7.0
65.18937500197543	4249.65461314818	-0.5	0.25	7.0
65.24642868500233	4257.096456147095	-0.5	0.25	7.0
65.2713303702977	4260.346568308548	-0.5	0.25	7.0
65.37846810709077	4274.344092029884	-0.5	0.25	7.0
65.41421356237308	4279.019335983754	-0.5	0.25	7.0
65.74911754774651	4322.946458307388	-0.5	0.25	7.0
65.80029467333533	4329.678779097761	-0.5	0.25	7.0
65.83613089302975	4334.396130964145	-0.5	0.25	7.0
66.99853141415471	4488.803211653476	-0.5	0.25	7.0
67.02044791804423	4491.740439135278	-0.5	0.25	7.0
67.32844949144226	4533.120110921691	-0.5	0.25	7.0
93.84235763717427	8806.38808690332	-0.5	0.25	7.0
94.1108443978174	8856.851033270199	-0.5	0.25	7.0
94.25167509533081	8883.378258275801	-0.5	0.25	7.0
94.3305992067512	8898.26194670473	-0.5	0.25	7.0
94.7910392888272	8985.341129455983	-0.5	0.25	7.0
94.80373015060081	8987.747250467937	-0.5	0.25	7.0
94.94989476958622	9015.482516755497	-0.5	0.25	7.0
95.33385562667851	9088.544028648383	-0.5	0.25	7.0
96.04033072941675	9223.745126615751	-0.5	0.25	7.0
96.1007383895653	9235.35191901967	-0.5	0.25	7.0
96.15091231961011	9244.997939893352	-0.5	0.25	7.0
96.18981774480795	9252.481037779371	-0.5	0.25	7.0
96.45122489612837	9302.838783963532	-0.5	0.25	7.0
96.5400350820554	9319.978373644486	-0.5	0.25	7.0
96.92348342611564	9394.161639452514	-0.5	0.25	7.0
97.03879083970259	9416.526927631547	-0.5	0.25	7.0
98.46628324159116	9695.608935413255	-0.5	0.25	7.0
98.59009472162515	9720.00677721902	-0.5	0.25	7.0
98.621262465229	9726.153410235585	-0.5	0.25	7.0
98.76441259154626	9754.409194553182	-0.5	0.25	7.0
92.9795520819558	8645.197105361132	-1.0	1.0	8.0
94.25088245225346	8883.2288430285	-1.0	1.0	8.0
94.58578643762692	8946.470996024369	-1.0	1.0	8.0
94.72866962970227	8973.520849813276	-1.0	1.0	8.0
95.06357361507574	9037.083028468924	-1.0	1.0	8.0
96.33490398537343	9280.413725871118	-1.0	1.0	8.0
96.93642638492426	9396.67076027984	-1.0	1.0	8.0
97.4142135623731	9489.529003975636	-1.0	1.0	8.0
98.68554393267077	9738.836581287092	-1.0	1.0	8.0
99.02044791804421	9805.049105890106	-1.0	1.0	8.0
-1.7491175477465217	3.0594121958348057	2.0	4.0	4.0
-1.2713303702976977	1.6162809104412812	2.0	4.0	4.0
0.0	0.0	2.0	4.0	4.0
0.3349039853734259	0.11216067941900389	2.0	4.0	4.0
2.6855439326707833	7.212146214304856	2.0	4.0	4.0
-0.3117338049709275	0.09717796516165227	1.5	2.25	5.0
-0.24992441119174202	0.06246221130953895	1.5	2.25	5.0
-0.1246965988515143	0.015549241765135476	1.5	2.25	5.0
-0.06253019437613005	0.003910025208716607	1.5	2.25	5.0
7.815970093361102e-14	6.1089388500315154e-27	1.5	2.25	5.0
28.73484278800704	825.6911900514801	1.5	2.25	5.0
29.051307719685532	843.9784802238602	1.5	2.25	5.0
29.637213206891822	878.3644066707631	1.5	2.25	5.0
30.065981612492664	903.963250322747	1.5	2.25	5.0
30.54263518678774	932.8525641532046	1.5	2.25	5.0
30.590894633493157	935.8028344774805	1.5	2.25	5.0
30.95992682283493	958.5170688752938	1.5	2.25	5.0
31.432006140494256	987.9710100160686	1.5	2.25	5.0
31.707725933396887	1005.3798838674095	1.5	2.25	5.0
32.0	1024.0	1.5	2.25	5.0
32.031053690322125	1025.9884005122985	1.5	2.25	5.0
32.30390969547726	1043.5425816135496	1.5	2.25	5.0
32.625305761337096	1064.4105760207356	1.5	2.25	5.0
33.10660757208375	1096.0474649319533	1.5	2.25	5.0
33.41951970609379	1116.864297385991	1.5	2.25	5.0
33.57796908346008	1127.4800077698012	1.5	2.25	5.0
33.99564527361398	1155.7038975693927	1.5	2.25	5.0
34.388703460219254	1182.5829256748957	1.5	2.25	5.0
35.090503285024916	1231.3434207963444	1.5	2.25	5.0
35.487133437674025	1259.3366396232818	1.5	2.25	5.0
29.225445855035446	854.1266854256085	1.0	1.0	6.0
29.314456067329182	859.3373345233726	1.0	1.0	6.0
29.433183569255775	866.3122950215081	1.0	1.0	6.0
30.00344229898925	900.2065497887772	1.0	1.0	6.0
30.494403377401632	929.9086373436841	1.0	1.0	6.0
31.062265664456355	964.8643482092642	1.0	1.0	6.0
31.522282996877557	993.654325335236	1.0	1.0	6.0
31.665096014626585	1002.6783056155205	1.0	1.0	6.0
31.80415794328163	1011.5044624812041	1.0	1.0	6.0
31.83371981839138	1013.3857174758441	1.0	1.0	6.0
31.91972804374346	1018.8690383865428	1.0	1.0	6.0
32.000000000000014	1024.000000000001	1.0	1.0	6.0
32.65805425056666	1066.548507432955	1.0	1.0	6.0
33.17935717505715	1100.8697425500163	1.0	1.0	6.0
33.18434198267302	1101.200552822995	1.0	1.0	6.0
33.27133037029766	1106.9814246094916	1.0	1.0	6.0
33.65308367424747	1132.5300407859015	1.0	1.0	6.0
33.68607985934989	1134.7519762904983	1.0	1.0	6.0
33.749117547746536	1139.0029352516133	1.0	1.0	6.0
34.07200894209765	1160.9017933503824	1.0	1.0	6.0
60.86468910676908	3704.5103800636543	1.0	1.0	6.0
60.96315089986501	3716.5057676397123	1.0	1.0	6.0
61.20603560471343	3746.1787944454477	1.0	1.0	6.0
61.74134728441345	3811.993964494548	1.0	1.0	6.0
62.10680858884467	3857.2556730913902	1.0	1.0	6.0
62.151885625186345	3862.856886766245	1.0	1.0	6.0
62.35151395960804	3887.7112930551966	1.0	1.0	6.0
62.547609986600214	3912.203515035851	1.0	1.0	6.0
62.74155307084331	3936.5024817414474	1.0	1.0	6.0
62.98252373700257	3966.7982962820925	1.0	1.0	6.0
63.00797031749998	3970.0043235309586	1.0	1.0	6.0
63.24920336015874	4000.4617256947154	1.0	1.0	6.0
63.58511747462293	4043.067164261599	1.0	1.0	6.0
63.7368972930828	4062.392076548985	1.0	1.0	6.0
63.87312936487812	4079.7766548624554	1.0	1.0	6.0
63.91249093864776	4084.806497982732	1.0	1.0	6.0
64.32464856577043	4137.660413109872	1.0	1.0	6.0
64.55173613134002	4166.926637570149	1.0	1.0	6.0
64.62139081081477	4175.924150324056	1.0	1.0	6.0
64.90914861833875	4213.197574357587	1.0	1.0	6.0
65.01029496255023	4226.338451117785	1.0	1.0	6.0
65.3671360067075	4272.862469719395	1.0	1.0	6.0
65.57994068134437	4300.728619768646	1.0	1.0	6.0
65.91714172669262	4345.069573416881	1.0	1.0	6.0
66.13805502138955	4374.242322012351	1.0	1.0	6.0
66.56308851084329	4430.644752102357	1.0	1.0	6.0
66.80269985222567	4462.600707546551	1.0	1.0	6.0
66.81410190975008	4464.124214006469	1.0	1.0	6.0
67.10625868132468	4503.249954204864	1.0	1.0	6.0
67.54087645674694	4561.769992545554	1.0	1.0	6.0
60.85518625633704	3703.353694293473	0.5	0.25	7.0
60.97955208195576	3718.505772115955	0.5	0.25	7.0
61.22997905553194	3749.11033514088	0.5	0.25	7.0
61.3144560673292	3759.462522832443	0.5	0.25	7.0
61.48673064196019	3780.6180450369666	0.5	0.25	7.0
62.00421107273817	3844.522190752667	0.5	0.25	7.0
62.05980115346952	3851.418919208177	0.5	0.25	7.0
62.58578643762692	3916.980664016246	0.5	0.25	7.0
62.652071321664614	3925.2820408949497	0.5	0.25	7.0
62.700451358767744	3931.3466005931996	0.5	0.25	7.0
63.063573615075725	3977.0143171040754	0.5	0.25	7.0
63.07296381403023	3978.198764285967	0.5	0.25	7.0
63.249487037580664	4000.4976105170845	0.5	0.25	7.0
63.57632699256477	4041.94935386552	0.5	0.25	7.0
63.66509601462657	4053.24445055162	0.5	0.25	7.0
63.94698961774471	4089.21748117195	0.5	0.25	7.0
64.27177241097682	4130.860728848402	0.5	0.25	7.0
64.82496838044291	4202.2765255254235	0.5	0.25	7.0
64.93642638492425	4216.739471644686	0.5	0.25	7.0
65.18937500197543	4249.65461314818	0.5	0.25	7.0
65.24642868500237	4257.0964561471	0.5	0.25	7.0
65.27133037029766	4260.3465683085415	0.5	0.25	7.0
65.37846810709073	4274.344092029879	0.5	0.25	7.0
65.41421356237309	4279.019335983756	0.5	0.25	7.0
65.74911754774651	4322.946458307388	0.5	0.25	7.0
65.80029467333533	4329.678779097761	0.5	0.25	7.0
65.83613089302975	4334.396130964145	0.5	0.25	7.0
66.99853141415473	4488.803211653478	0.5	0.25	7.0
67.02044791804421	4491.740439135277	0.5	0.25	7.0
67.32844949144233	4533.120110921701	0.5	0.25	7.0
93.84235763717435	8806.388086903335	0.5	0.25	7.0
94.11084439781737	8856.851033270194	0.5	0.25	7.0
94.25167509533082	8883.378258275805	0.5	0.25	7.0
94.33059920675115	8898.26194670472	0.5	0.25	7.0
94.79103928882719	8985.341129455981	0.5	0.25	7.0
94.80373015060079	8987.747250467932	0.5	0.25	7.0
94.94989476958621	9015.482516755494	0.5	0.25	7.0
95.33385562667848	9088.544028648377	0.5	0.25	7.0
96.04033072941675	9223.745126615751	0.5	0.25	7.0
96.1007383895653	9235.35191901967	0.5	0.25	7.0
96.1509123196102	9244.997939893368	0.5	0.25	7.0
96.18981774480795	9252.481037779371	0.5	0.25	7.0
96.45122489612842	9302.838783963543	0.5	0.25	7.0
96.54003508205534	9319.978373644475	0.5	0.25	7.0
96.92348342611572	9394.16163945253	0.5	0.25	7.0
97.03879083970259	9416.526927631547	0.5	0.25	7.0
98.46628324159119	9695.608935413262	0.5	0.25	7.0
98.59009472162514	9720.006777219016	0.5	0.25	7.0
98.62126246522891	9726.153410235569	0.5	0.25	7.0
98.76441259154632	9754.409194553193	0.5	0.25	7.0
92.97955208195579	8645.197105361129	0.0	0.0	8.0
93.14990271601626	8676.904376003293	0.0	0.0	8.0
94.21160157050375	8875.825870479344	0.0	0.0	8.0
94.2508824522535	8883.228843028508	0.0	0.0	8.0
94.58307868805669	8945.958774111123	0.0	0.0	8.0
94.58578643762688	8946.470996024362	0.0	0.0	8.0
94.7286696297023	8973.520849813282	0.0	0.0	8.0
94.78194191559453	8983.616513291136	0.0	0.0	8.0
95.06357361507573	9037.083028468922	0.0	0.0	8.0
95.25590437891599	9073.687319045186	0.0	0.0	8.0
95.96675756035549	9209.618556648047	0.0	0.0	8.0
96.2019578620814	9254.816696497684	0.0	0.0	8.0
96.33490398537342	9280.413725871114	0.0	0.0	8.0
96.93642638492427	9396.670760279843	0.0	0.0	8.0
97.32160010328624	9471.493846663965	0.0	0.0	8.0
97.41421356237309	9489.529003975633	0.0	0.0	8.0
98.29077507914916	9661.07646565989	0.0	0.0	8.0
98.68554393267081	9738.836581287102	0.0	0.0	8.0
99.02044791804421	9805.049105890106	0.0	0.0	8.0
99.46465878570407	9893.218347356538	0.0	0.0	8.0
128.0311634777211	16391.978821458943	0.0	0.0	8.0
128.0606477313511	16399.5294973732	0.0	0.0	8.0
128.1285636483015	16416.92882257685	0.0	0.0	8.0
128.16675860372663	16426.718010985936	0.0	0.0	8.0
128.38468787923603	16482.628081848852	0.0	0.0	8.0
126.25088245225346	15939.285319972721	-0.5	0.25	9.0
126.7286696297023	16060.155706114228	-0.5	0.25	9.0
128.0	16384.0	-0.5	0.25	9.0
128.33490398537342	16469.847580935013	-0.5	0.25	9.0
130.68554393267078	17078.711392978024	-0.5	0.25	9.0
0.0	0.0	2.5	6.25	5.0
29.314456067329196	859.3373345233736	2.0	4.0	6.0
31.665096014626585	1002.6783056155205	2.0	4.0	6.0
31.999999999999993	1023.9999999999995	2.0	4.0	6.0
33.27133037029771	1106.9814246094948	2.0	4.0	6.0
33.74911754774652	1139.0029352516121	2.0	4.0	6.0
60.97955208195574	3718.5057721159524	1.5	2.25	7.0
61.31445606732921	3759.462522832444	1.5	2.25	7.0
62.58578643762686	3916.980664016238	1.5	2.25	7.0
63.06357361507573	3977.014317104076	1.5	2.25	7.0
63.66509601462658	4053.244450551621	1.5	2.25	7.0
64.93642638492426	4216.739471644688	1.5	2.25	7.0
65.27133037029769	4260.346568308546	1.5	2.25	7.0
65.41421356237308	4279.019335983754	1.5	2.25	7.0
65.74911754774652	4322.94645830739	1.5	2.25	7.0
67.02044791804423	4491.740439135278	1.5	2.25	7.0
92.9795520819558	8645.197105361132	1.0	1.0	8.0
94.25088245225346	8883.2288430285	1.0	1.0	8.0
94.58578643762692	8946.470996024369	1.0	1.0	8.0
94.72866962970227	8973.520849813276	1.0	1.0	8.0
95.06357361507574	9037.083028468924	1.0	1.0	8.0
96.33490398537343	9280.413725871118	1.0	1.0	8.0
96.93642638492426	9396.67076027984	1.0	1.0	8.0
97.4142135623731	9489.529003975636	1.0	1.0	8.0
98.68554393267077	9738.836581287092	1.0	1.0	8.0
99.02044791804421	9805.049105890106	1.0	1.0	8.0
126.25088245225346	15939.285319972721	0.5	0.25	9.0
126.7286696297023	16060.155706114228	0.5	0.25	9.0
128.0	16384.0	0.5	0.25	9.0
128.33490398537342	16469.847580935013	0.5	0.25	9.0
130.68554393267078	17078.711392978024	0.5	0.25	9.0
160.0	25600.0	0.0	0.0	10.0
