E	Esq	M	Msq	N_tot
0.0	0.0	0.0	0.0	0.0
-2.9354323319700266	8.61676297557499	-0.5	0.25	1.0
-0.6180339887498918	0.3819660112501014	-0.5	0.25	1.0
0.4625984229747757	0.2139973009387495	-0.5	0.25	1.0
1.4728339089952553	2.169239723486244	-0.5	0.25	1.0
1.6180339887498945	2.6180339887498936	-0.5	0.25	1.0
-3.5534663207199295	12.627122892490833	-1.0	1.0	2.0
-2.472833908995258	6.114907541476767	-1.0	1.0	2.0
-1.4625984229747737	2.139194146888295	-1.0	1.0	2.0
-1.3173983432201344	1.735538394719155	-1.0	1.0	2.0
-0.15543556577511763	0.02416021510783092	-1.0	1.0	2.0
0.8547999202453611	0.7306829036514757	-1.0	1.0	2.0
1.0000000000000049	1.0000000000000098	-1.0	1.0	2.0
1.9354323319700304	3.74589831163495	-1.0	1.0	2.0
2.080632411724668	4.329031232719209	-1.0	1.0	2.0
3.090867897745151	9.553464361311528	-1.0	1.0	2.0
-3.0908678977451505	9.553464361311526	-1.5	2.25	3.0
-2.08063241172467	4.329031232719217	-1.5	2.25	3.0
-1.9354323319700304	3.74589831163495	-1.5	2.25	3.0
-1.0000000000000004	1.0000000000000009	-1.5	2.25	3.0
-0.8547999202453611	0.7306829036514757	-1.5	2.25	3.0
0.1554355657751203	0.02416021510783175	-1.5	2.25	3.0
1.3173983432201344	1.735538394719155	-1.5	2.25	3.0
1.4625984229747755	2.1391941468883005	-1.5	2.25	3.0
2.4728339089952542	6.114907541476749	-1.5	2.25	3.0
3.553466320719924	12.627122892490796	-1.5	2.25	3.0
-1.6180339887498951	2.618033988749896	-2.0	4.0	4.0
-1.4728339089952556	2.169239723486245	-2.0	4.0	4.0
-0.4625984229747755	0.2139973009387493	-2.0	4.0	4.0
0.6180339887498945	0.38196601125010465	-2.0	4.0	4.0
2.9354323319700257	8.616762975574984	-2.0	4.0	4.0
0.0	0.0	-2.5	6.25	5.0
-2.9354323319700266	8.61676297557499	0.5	0.25	1.0
-0.6180339887498918	0.3819660112501014	0.5	0.25	1.0
0.4625984229747757	0.2139973009387495	0.5	0.25	1.0
1.4728339089952553	2.169239723486244	0.5	0.25	1.0
1.6180339887498945	2.6180339887498936	0.5	0.25	1.0
-4.8163304118257235	23.197038635877345	0.0	0.0	2.0
-3.553466320719925	12.627122892490801	0.0	0.0	2.0
-2.47283390899526	6.114907541476778	0.0	0.0	2.0
-2.4622779888271067	6.0628128942624615	0.0	0.0	2.0
-1.4625984229747782	2.139194146888308	0.0	0.0	2.0
-1.4202092975443796	2.0169944488315004	0.0	0.0	2.0
-1.317398343220137	1.735538394719162	0.0	0.0	2.0
-0.6279241463975671	0.39428873362911326	0.0	0.0	2.0
-0.4645093206628905	0.21576890898270004	0.0	0.0	2.0
-0.15543556577511985	0.02416021510783161	0.0	0.0	2.0
0.44395325626985027	0.19709449375260335	0.0	0.0	2.0
0.8547999202453607	0.7306829036514749	0.0	0.0	2.0
0.9176070750521097	0.8420027441856881	0.0	0.0	2.0
1.0	1.0	0.0	0.0	2.0
1.6711502266665663	2.7927430800877158	0.0	0.0	2.0
1.9354323319700244	3.7458983116349267	0.0	0.0	2.0
2.0806324117246637	4.32903123271919	0.0	0.0	2.0
2.119894786555399	4.49395390606476	0.0	0.0	2.0
2.5483285769573856	6.493978536137654	0.0	0.0	2.0
3.0908678977451434	9.553464361311482	0.0	0.0	2.0
12.190340028357165	148.60439000696695	0.0	0.0	2.0
12.205624494887799	148.97726931020503	0.0	0.0	2.0
12.43392645485803	154.60252708481838	0.0	0.0	2.0
12.450533341332394	155.01578048362958	0.0	0.0	2.0
12.809892924320971	164.09335673256848	0.0	0.0	2.0
-4.701814213997871	22.107056902952415	-0.5	0.25	3.0
-3.7681331388425576	14.198827352043466	-0.5	0.25	3.0
-3.090867897745145	9.553464361311493	-0.5	0.25	3.0
-2.9709273055216663	8.826409054694228	-0.5	0.25	3.0
-2.9226566300074346	8.541921776926415	-0.5	0.25	3.0
-2.286253361353168	5.22695443229866	-0.5	0.25	3.0
-2.0806324117246717	4.329031232719224	-0.5	0.25	3.0
-1.935432331970027	3.745898311634937	-0.5	0.25	3.0
-1.6403237362327268	2.690661959648492	-0.5	0.25	3.0
-1.139149539670262	1.2976616737309699	-0.5	0.25	3.0
-0.9999999999999964	0.9999999999999929	-0.5	0.25	3.0
-0.8547999202453536	0.7306829036514628	-0.5	0.25	3.0
-0.7130888225331589	0.5084956688217269	-0.5	0.25	3.0
-0.5907389084574195	0.34897245796546345	-0.5	0.25	3.0
-0.3076715357438502	0.09466177390697929	-0.5	0.25	3.0
-0.0029444858753304715	8.669997070020653e-6	-0.5	0.25	3.0
0.15543556577513407	0.024160215107836027	-0.5	0.25	3.0
0.30923967879806646	0.09562917894313132	-0.5	0.25	3.0
0.6876824682408333	0.47290717712580477	-0.5	0.25	3.0
0.8982476428004524	0.8068488277965692	-0.5	0.25	3.0
1.2911728380938428	1.6671272978313088	-0.5	0.25	3.0
1.3173983432201384	1.7355383947191656	-0.5	0.25	3.0
1.3262618364576308	1.7589704588439676	-0.5	0.25	3.0
1.4625984229747768	2.139194146888304	-0.5	0.25	3.0
2.019139967698555	4.076926209157722	-0.5	0.25	3.0
2.0920301511517962	4.376590153328207	-0.5	0.25	3.0
2.4728339089952662	6.114907541476809	-0.5	0.25	3.0
2.7341448727464392	7.475548185165643	-0.5	0.25	3.0
3.2219668867367837	10.381070619228321	-0.5	0.25	3.0
3.553466320719931	12.627122892490842	-0.5	0.25	3.0
9.446564466975085	89.23758022871627	-0.5	0.25	3.0
9.467373367034805	89.63115847083994	-0.5	0.25	3.0
9.897550810177787	97.96151204005096	-0.5	0.25	3.0
10.033254808365404	100.66620204958751	-0.5	0.25	3.0
10.978558416231085	120.52874489859839	-0.5	0.25	3.0
11.417545000186015	130.36033383127267	-0.5	0.25	3.0
11.501734267805961	132.28989116722192	-0.5	0.25	3.0
11.684686435007265	136.5318970844428	-0.5	0.25	3.0
12.313204955713234	151.61501628140093	-0.5	0.25	3.0
12.402866687338863	153.8311020639001	-0.5	0.25	3.0
12.643031886438905	159.8462552815109	-0.5	0.25	3.0
12.948956666055189	167.6754787393751	-0.5	0.25	3.0
13.033888439445589	169.88224785191335	-0.5	0.25	3.0
13.364899814270712	178.62054704549334	-0.5	0.25	3.0
13.55213901298862	183.66047182736818	-0.5	0.25	3.0
14.062832049121608	197.76324524180185	-0.5	0.25	3.0
14.14482492246361	200.07607208714765	-0.5	0.25	3.0
14.324207433725201	205.1829186043883	-0.5	0.25	3.0
14.498930336234162	210.21898089497128	-0.5	0.25	3.0
14.746765559931877	217.46709447959293	-0.5	0.25	3.0
-3.3974802130474338	11.542871798048836	-1.0	1.0	4.0
-2.7142631000742945	7.367224176424919	-1.0	1.0	4.0
-2.3156634159184293	5.362297055823008	-1.0	1.0	4.0
-1.8514395159711334	3.427828281299425	-1.0	1.0	4.0
-1.8224962230640571	3.3214924830827535	-1.0	1.0	4.0
-1.6180339887498896	2.6180339887498776	-1.0	1.0	4.0
-1.4728339089952378	2.1692397234861924	-1.0	1.0	4.0
-1.1536343057002618	1.3308721112885251	-1.0	1.0	4.0
-1.035332448272829	1.07191327844661	-1.0	1.0	4.0
-0.6591428423121712	0.43446928657136785	-1.0	1.0	4.0
-0.46259842297476794	0.2139973009387423	-1.0	1.0	4.0
-0.3391407730608442	0.11501646395230704	-1.0	1.0	4.0
0.39861883659662567	0.15889697688964735	-1.0	1.0	4.0
0.618033988749918	0.38196601125013374	-1.0	1.0	4.0
0.637100015588258	0.4058964298625586	-1.0	1.0	4.0
1.2341421176009622	1.5231067664365872	-1.0	1.0	4.0
1.6736117632001672	2.8009763339219726	-1.0	1.0	4.0
2.148723119169718	4.617011042854442	-1.0	1.0	4.0
2.511548925302103	6.307878004186148	-1.0	1.0	4.0
2.9354323319700324	8.616762975575023	-1.0	1.0	4.0
8.733514328823437	76.2742725317643	-1.0	1.0	4.0
8.78909397994385	77.24817298828522	-1.0	1.0	4.0
9.173175467726594	84.14714816170101	-1.0	1.0	4.0
9.59864505695639	92.13398692943332	-1.0	1.0	4.0
9.816183879626212	96.35746595863353	-1.0	1.0	4.0
10.11542223231482	102.32176693800895	-1.0	1.0	4.0
10.334725079977076	106.80654247870719	-1.0	1.0	4.0
10.704062608984607	114.57695633706236	-1.0	1.0	4.0
10.727083746767834	115.07032571017062	-1.0	1.0	4.0
11.140782864557549	124.11704283521911	-1.0	1.0	4.0
11.396308288441746	129.87584260520606	-1.0	1.0	4.0
11.604096466997659	134.65505481538753	-1.0	1.0	4.0
11.727829462782967	137.54198390812022	-1.0	1.0	4.0
11.781092273417862	138.79413515478603	-1.0	1.0	4.0
11.90390796249616	141.70302477957947	-1.0	1.0	4.0
12.29955512408052	151.27905625029538	-1.0	1.0	4.0
12.484346344174421	155.85890364130123	-1.0	1.0	4.0
12.645351632453957	159.90491790840596	-1.0	1.0	4.0
12.816826454811089	164.2710403727454	-1.0	1.0	4.0
12.957696922769	167.9019095423372	-1.0	1.0	4.0
13.458480103829274	181.13068670516842	-1.0	1.0	4.0
13.777966118860563	189.83235037246962	-1.0	1.0	4.0
14.083764542776615	198.3524236963718	-1.0	1.0	4.0
14.187055226680858	201.27253600489266	-1.0	1.0	4.0
14.322532416643998	205.13493482581816	-1.0	1.0	4.0
14.615116835499471	213.60164011530006	-1.0	1.0	4.0
14.913445035682125	222.41084283231183	-1.0	1.0	4.0
14.94549991316993	223.3679676545624	-1.0	1.0	4.0
15.807366354521687	249.87283106606424	-1.0	1.0	4.0
15.823921334195328	250.39648639080204	-1.0	1.0	4.0
-0.8227846428765679	0.6769745685535214	-1.5	2.25	5.0
-0.740360457262865	0.5481336066784787	-1.5	2.25	5.0
-0.4915693129999128	0.24164038948320624	-1.5	2.25	5.0
-0.26081086020718747	0.06802230480201309	-1.5	2.25	5.0
-2.0576285810436454e-15	4.233835377527686e-30	-1.5	2.25	5.0
8.699882241876617	75.68795102252011	-1.5	2.25	5.0
8.818997575325811	77.77471823360254	-1.5	2.25	5.0
9.586198260263519	91.89519708507932	-1.5	2.25	5.0
9.861776780968887	97.25464127765706	-1.5	2.25	5.0
10.36411419759865	107.41486310086589	-1.5	2.25	5.0
10.765965285594676	115.90600853062966	-1.5	2.25	5.0
11.53789437708339	133.1230066567325	-1.5	2.25	5.0
11.538777633148195	133.14338926724105	-1.5	2.25	5.0
11.999999999999996	143.99999999999991	-1.5	2.25	5.0
11.999999999999998	143.99999999999997	-1.5	2.25	5.0
12.012629172672632	144.30325964014557	-1.5	2.25	5.0
12.181843741752957	148.39731694848567	-1.5	2.25	5.0
12.577667661374349	158.19772379998207	-1.5	2.25	5.0
12.609779500559156	159.00653905272193	-1.5	2.25	5.0
13.537329932228904	183.25930169402062	-1.5	2.25	5.0
13.724929834265584	188.3736989555135	-1.5	2.25	5.0
14.176058143595991	200.96062449061424	-1.5	2.25	5.0
14.864420374780186	220.95099307818035	-1.5	2.25	5.0
15.593768650040825	243.16562071099608	-1.5	2.25	5.0
15.863491910216158	251.6503755854935	-1.5	2.25	5.0
9.06456766802997	82.16638700829428	-2.0	4.0	6.0
11.381966011250103	129.5491502812526	-2.0	4.0	6.0
12.462598422974771	155.31635945233327	-2.0	4.0	6.0
13.472833908995254	181.51725353937232	-2.0	4.0	6.0
13.618033988749891	185.45084971874726	-2.0	4.0	6.0
-3.5534663207199295	12.627122892490833	1.0	1.0	2.0
-2.472833908995258	6.114907541476767	1.0	1.0	2.0
-1.4625984229747737	2.139194146888295	1.0	1.0	2.0
-1.3173983432201344	1.735538394719155	1.0	1.0	2.0
-0.15543556577511763	0.02416021510783092	1.0	1.0	2.0
0.8547999202453611	0.7306829036514757	1.0	1.0	2.0
1.0000000000000049	1.0000000000000098	1.0	1.0	2.0
1.9354323319700304	3.74589831163495	1.0	1.0	2.0
2.080632411724668	4.329031232719209	1.0	1.0	2.0
3.090867897745151	9.553464361311528	1.0	1.0	2.0
-4.701814213997874	22.107056902952447	0.5	0.25	3.0
-3.7681331388425576	14.198827352043466	0.5	0.25	3.0
-3.090867897745145	9.553464361311493	0.5	0.25	3.0
-2.970927305521659	8.826409054694187	0.5	0.25	3.0
-2.9226566300074275	8.541921776926372	0.5	0.25	3.0
-2.2862533613531575	5.226954432298611	0.5	0.25	3.0
-2.080632411724647	4.32903123271912	0.5	0.25	3.0
-1.9354323319700235	3.745898311634923	0.5	0.25	3.0
-1.6403237362327268	2.690661959648492	0.5	0.25	3.0
-1.1391495396702531	1.2976616737309496	0.5	0.25	3.0
-0.9999999999999698	0.9999999999999396	0.5	0.25	3.0
-0.8547999202453624	0.730682903651478	0.5	0.25	3.0
-0.7130888225331624	0.508495668821732	0.5	0.25	3.0
-0.5907389084574213	0.34897245796546555	0.5	0.25	3.0
-0.3076715357438484	0.09466177390697819	0.5	0.25	3.0
-0.002944485875332248	8.669997070031114e-6	0.5	0.25	3.0
0.15543556577512874	0.024160215107834372	0.5	0.25	3.0
0.30923967879807	0.09562917894313351	0.5	0.25	3.0
0.6876824682408333	0.47290717712580477	0.5	0.25	3.0
0.8982476428004524	0.8068488277965692	0.5	0.25	3.0
1.291172838093848	1.6671272978313225	0.5	0.25	3.0
1.317398343220138	1.7355383947191643	0.5	0.25	3.0
1.3262618364576304	1.7589704588439663	0.5	0.25	3.0
1.4625984229747644	2.1391941468882676	0.5	0.25	3.0
2.0191399676985515	4.076926209157707	0.5	0.25	3.0
2.092030151151798	4.376590153328215	0.5	0.25	3.0
2.4728339089952662	6.114907541476809	0.5	0.25	3.0
2.7341448727464392	7.475548185165643	0.5	0.25	3.0
3.2219668867367854	10.381070619228334	0.5	0.25	3.0
3.553466320719931	12.627122892490842	0.5	0.25	3.0
9.446564466975083	89.23758022871624	0.5	0.25	3.0
9.467373367034797	89.6311584708398	0.5	0.25	3.0
9.897550810177783	97.96151204005089	0.5	0.25	3.0
10.033254808365403	100.66620204958747	0.5	0.25	3.0
10.978558416231085	120.52874489859839	0.5	0.25	3.0
11.417545000186013	130.36033383127264	0.5	0.25	3.0
11.501734267805958	132.28989116722184	0.5	0.25	3.0
11.684686435007265	136.5318970844428	0.5	0.25	3.0
12.313204955713232	151.6150162814009	0.5	0.25	3.0
12.402866687338859	153.8311020639	0.5	0.25	3.0
12.6430318864389	159.84625528151076	0.5	0.25	3.0
12.94895666605519	167.67547873937517	0.5	0.25	3.0
13.033888439445589	169.88224785191335	0.5	0.25	3.0
13.364899814270709	178.62054704549323	0.5	0.25	3.0
13.552139012988615	183.66047182736804	0.5	0.25	3.0
14.062832049121608	197.76324524180185	0.5	0.25	3.0
14.14482492246361	200.07607208714765	0.5	0.25	3.0
14.324207433725201	205.1829186043883	0.5	0.25	3.0
14.498930336234162	210.21898089497128	0.5	0.25	3.0
14.746765559931877	217.46709447959293	0.5	0.25	3.0
-3.7020101154849687	13.704878895153032	0.0	0.0	4.0
-3.397480213047428	11.542871798048797	0.0	0.0	4.0
-2.7142631000742914	7.3672241764249025	0.0	0.0	4.0
-2.520697006340071	6.353913397771795	0.0	0.0	4.0
-2.3156634159184204	5.3622970558229675	0.0	0.0	4.0
-2.2293819520595854	4.970143888169008	0.0	0.0	4.0
-1.85483276379973	3.4404045816649447	0.0	0.0	4.0
-1.85143951597114	3.4278282812994494	0.0	0.0	4.0
-1.8224962230640545	3.3214924830827437	0.0	0.0	4.0
-1.6180339887498958	2.618033988749898	0.0	0.0	4.0
-1.4728339089952547	2.169239723486242	0.0	0.0	4.0
-1.2469449532664814	1.5548717164767474	0.0	0.0	4.0
-1.1536343057002671	1.3308721112885373	0.0	0.0	4.0
-1.0353324482728188	1.071913278446589	0.0	0.0	4.0
-0.6591428423121695	0.4344692865713655	0.0	0.0	4.0
-0.4625984229747764	0.2139973009387501	0.0	0.0	4.0
-0.33914077306083446	0.11501646395230042	0.0	0.0	4.0
0.044382112207136615	0.001969771883966865	0.0	0.0	4.0
0.3986188365966279	0.15889697688964913	0.0	0.0	4.0
0.5834645597145589	0.3404308924429041	0.0	0.0	4.0
0.6180339887498927	0.3819660112501025	0.0	0.0	4.0
0.6371000155882602	0.4058964298625614	0.0	0.0	4.0
1.1211784492633758	1.2570411150926282	0.0	0.0	4.0
1.1950810179528717	1.4282186394712721	0.0	0.0	4.0
1.23414211760096	1.5231067664365816	0.0	0.0	4.0
1.6736117632001668	2.8009763339219713	0.0	0.0	4.0
1.9856944651193351	3.9429825088055623	0.0	0.0	4.0
2.148723119169713	4.617011042854421	0.0	0.0	4.0
2.5115489253021015	6.307878004186141	0.0	0.0	4.0
2.935432331970032	8.61676297557502	0.0	0.0	4.0
7.839607305381783	61.45944270259542	0.0	0.0	4.0
7.87928365055982	62.083110845979284	0.0	0.0	4.0
8.733514328823437	76.2742725317643	0.0	0.0	4.0
8.746495464047658	76.50118290260626	0.0	0.0	4.0
8.789093979943852	77.24817298828525	0.0	0.0	4.0
8.834329516240862	78.0453780015245	0.0	0.0	4.0
9.173175467726596	84.14714816170105	0.0	0.0	4.0
9.59864505695639	92.13398692943332	0.0	0.0	4.0
9.816183879626214	96.35746595863355	0.0	0.0	4.0
9.847468619839423	96.97263821872215	0.0	0.0	4.0
10.115422232314826	102.32176693800905	0.0	0.0	4.0
10.139388549016372	102.80720014792433	0.0	0.0	4.0
10.173881893958741	103.5078727922215	0.0	0.0	4.0
10.33472507997709	106.80654247870748	0.0	0.0	4.0
10.5725959825232	111.77978580966571	0.0	0.0	4.0
10.704062608984612	114.57695633706247	0.0	0.0	4.0
10.727083746767827	115.07032571017048	0.0	0.0	4.0
10.804787538856326	116.74343375982494	0.0	0.0	4.0
11.135778156696045	124.00555515514876	0.0	0.0	4.0
11.140782864557535	124.11704283521878	0.0	0.0	4.0
11.39630828844174	129.8758426052059	0.0	0.0	4.0
11.399566135660889	129.95010808130652	0.0	0.0	4.0
11.60409646699767	134.65505481538779	0.0	0.0	4.0
11.64689125295985	135.6500758582727	0.0	0.0	4.0
11.727829462782964	137.54198390812013	0.0	0.0	4.0
11.744367279229495	137.93016278943642	0.0	0.0	4.0
11.781092273417851	138.7941351547858	0.0	0.0	4.0
11.903907962496152	141.7030247795793	0.0	0.0	4.0
11.946668100106454	142.72287869410115	0.0	0.0	4.0
12.108504162893414	146.61587306280714	0.0	0.0	4.0
12.166950939957383	148.03469517532986	0.0	0.0	4.0
12.235687069393276	149.7120380601178	0.0	0.0	4.0
12.299555124080523	151.27905625029547	0.0	0.0	4.0
12.484346344174423	155.85890364130128	0.0	0.0	4.0
12.645351632453952	159.90491790840582	0.0	0.0	4.0
12.688393085995521	160.99531910473894	0.0	0.0	4.0
12.756100821963024	162.71810818008572	0.0	0.0	4.0
12.816826454811082	164.2710403727452	0.0	0.0	4.0
12.936239381593374	167.34628933788733	0.0	0.0	4.0
12.957696922769006	167.90190954233736	0.0	0.0	4.0
13.102833364863113	171.68424218737	0.0	0.0	4.0
13.326558651331638	177.5971654873821	0.0	0.0	4.0
13.458480103829256	181.13068670516793	0.0	0.0	4.0
13.610341515383915	185.24139616538292	0.0	0.0	4.0
13.777966118860558	189.83235037246948	0.0	0.0	4.0
13.892490957594475	193.00130500684426	0.0	0.0	4.0
13.920662002906468	193.7848305991639	0.0	0.0	4.0
14.083764542776606	198.35242369637155	0.0	0.0	4.0
14.187055226680865	201.27253600489286	0.0	0.0	4.0
14.322532416643998	205.13493482581816	0.0	0.0	4.0
14.361053857285881	206.23986789186569	0.0	0.0	4.0
14.440775567812711	208.53599899993654	0.0	0.0	4.0
14.615116835499471	213.60164011530006	0.0	0.0	4.0
14.913445035682113	222.41084283231146	0.0	0.0	4.0
14.945499913169922	223.36796765456214	0.0	0.0	4.0
15.043837159602823	226.31703648464674	0.0	0.0	4.0
15.21995374867295	231.64699211174377	0.0	0.0	4.0
15.455777558430714	238.8810599356905	0.0	0.0	4.0
15.807366354521665	249.87283106606355	0.0	0.0	4.0
15.823921334195346	250.3964863908026	0.0	0.0	4.0
24.290167491859048	590.0122367825661	0.0	0.0	4.0
24.302613222251004	590.6170094303293	0.0	0.0	4.0
24.415147375124292	596.0994213490386	0.0	0.0	4.0
24.420377105326093	596.3548179663348	0.0	0.0	4.0
24.50536299636394	600.512815583563	0.0	0.0	4.0
24.71961570556536	611.0594006308336	0.0	0.0	4.0
24.830667299356698	616.5620385313421	0.0	0.0	4.0
24.856114954191547	617.8264506159846	0.0	0.0	4.0
24.97125142151331	623.5633975564305	0.0	0.0	4.0
25.335479324384547	641.8865125963168	0.0	0.0	4.0
-1.1684452390826827	1.3652642767349876	-0.5	0.25	5.0
-1.1007862409285956	1.211730348217708	-0.5	0.25	5.0
-0.9839252298654415	0.968108857965762	-0.5	0.25	5.0
-0.8227846428765524	0.6769745685534959	-0.5	0.25	5.0
-0.763191148467125	0.5824607290985693	-0.5	0.25	5.0
-0.7403604572628456	0.5481336066784498	-0.5	0.25	5.0
-0.5396179871525355	0.291187572058554	-0.5	0.25	5.0
-0.4915693129998786	0.24164038948317262	-0.5	0.25	5.0
-0.2608108602072008	0.06802230480202003	-0.5	0.25	5.0
3.907985046680551e-14	1.5272347125078789e-27	-0.5	0.25	5.0
7.8000122215109045	60.840190655719475	-0.5	0.25	5.0
8.224681189153177	67.64538066321012	-0.5	0.25	5.0
8.620045246727184	74.30518005562391	-0.5	0.25	5.0
8.699882241876608	75.68795102251995	-0.5	0.25	5.0
8.818997575325803	77.77471823360239	-0.5	0.25	5.0
8.854282436154051	78.39831745918612	-0.5	0.25	5.0
9.082242413786236	82.48712726277763	-0.5	0.25	5.0
9.357858920190946	87.56952357019726	-0.5	0.25	5.0
9.525009433472793	90.7258047077457	-0.5	0.25	5.0
9.586198260263526	91.89519708507945	-0.5	0.25	5.0
9.653419974500387	93.18851720408306	-0.5	0.25	5.0
9.861776780968924	97.2546412776578	-0.5	0.25	5.0
9.899105268216974	97.99228511124106	-0.5	0.25	5.0
10.167202307406203	103.37200275972603	-0.5	0.25	5.0
10.238594069803494	104.82880852621527	-0.5	0.25	5.0
10.36411419759865	107.41486310086589	-0.5	0.25	5.0
10.61882384262465	112.75941980069373	-0.5	0.25	5.0
10.765965285594689	115.90600853062993	-0.5	0.25	5.0
10.825483367339316	117.19109013654018	-0.5	0.25	5.0
10.83305371247161	117.35505273729494	-0.5	0.25	5.0
10.916087741102913	119.16097157145731	-0.5	0.25	5.0
10.973565249812083	120.41913429188332	-0.5	0.25	5.0
11.40592754764102	130.0951832220363	-0.5	0.25	5.0
11.471342262603782	131.59169330579965	-0.5	0.25	5.0
11.504938347813997	132.36360638700106	-0.5	0.25	5.0
11.537894377083406	133.12300665673288	-0.5	0.25	5.0
11.538777633148204	133.14338926724128	-0.5	0.25	5.0
11.627941571867972	135.20902519877538	-0.5	0.25	5.0
11.73731757662768	137.76462389461307	-0.5	0.25	5.0
11.85684608865624	140.5847991700828	-0.5	0.25	5.0
11.999999999999995	143.9999999999999	-0.5	0.25	5.0
12.000000000000009	144.00000000000023	-0.5	0.25	5.0
12.012629172672666	144.30325964014636	-0.5	0.25	5.0
12.115381768492531	146.78247539632122	-0.5	0.25	5.0
12.181843741752955	148.39731694848564	-0.5	0.25	5.0
12.272116425579734	150.6048415629839	-0.5	0.25	5.0
12.388433144355066	153.47327577215515	-0.5	0.25	5.0
12.577667661374356	158.19772379998227	-0.5	0.25	5.0
12.580072497540414	158.2582240433727	-0.5	0.25	5.0
12.609779500559164	159.0065390527221	-0.5	0.25	5.0
12.747378965395445	162.49567048740624	-0.5	0.25	5.0
12.814929192586474	164.222410211005	-0.5	0.25	5.0
13.066174970908305	170.72492837039064	-0.5	0.25	5.0
13.398694373146812	179.52501090499604	-0.5	0.25	5.0
13.504224502618412	182.36407941711948	-0.5	0.25	5.0
13.537329932228909	183.25930169402076	-0.5	0.25	5.0
13.724929834265607	188.37369895551416	-0.5	0.25	5.0
13.809598847283954	190.7050203229063	-0.5	0.25	5.0
13.912519524901777	193.55819953077315	-0.5	0.25	5.0
14.094800476881806	198.66340048310758	-0.5	0.25	5.0
14.176058143596018	200.96062449061498	-0.5	0.25	5.0
14.250167609625066	203.06727690240737	-0.5	0.25	5.0
14.595422929594209	213.0263704937244	-0.5	0.25	5.0
14.608613076521799	213.4115760195237	-0.5	0.25	5.0
14.833818160633758	220.0421612227479	-0.5	0.25	5.0
14.864420374780183	220.95099307818023	-0.5	0.25	5.0
15.128219637582108	228.86302940292492	-0.5	0.25	5.0
15.506381354445816	240.44786270950485	-0.5	0.25	5.0
15.59376865004081	243.16562071099557	-0.5	0.25	5.0
15.86349191021615	251.6503755854932	-0.5	0.25	5.0
21.771546984506752	474.00025809858505	-0.5	0.25	5.0
21.886538659305273	479.02057448526426	-0.5	0.25	5.0
22.09219309610313	488.06499579550683	-0.5	0.25	5.0
22.223772900704677	493.8960819420956	-0.5	0.25	5.0
22.266818887141397	495.8112233527569	-0.5	0.25	5.0
22.67504878907858	514.157837587094	-0.5	0.25	5.0
23.105233968819647	533.8518367538973	-0.5	0.25	5.0
23.144719036187094	535.6780192640413	-0.5	0.25	5.0
23.21875833331625	539.1107385409427	-0.5	0.25	5.0
23.473919260593693	551.0248854528716	-0.5	0.25	5.0
23.482085674541818	551.4083476265221	-0.5	0.25	5.0
23.81254938326346	567.037508130361	-0.5	0.25	5.0
23.917637830576005	572.0533993946004	-0.5	0.25	5.0
24.237625821488898	587.4625054625054	-0.5	0.25	5.0
24.268155647382933	588.9433785256042	-0.5	0.25	5.0
24.45117673990831	597.8600439662331	-0.5	0.25	5.0
24.475433695531773	599.0468545843721	-0.5	0.25	5.0
24.71515855352346	610.8390623258038	-0.5	0.25	5.0
25.059897625516786	627.9984690013819	-0.5	0.25	5.0
25.210900246881092	635.5894912581891	-0.5	0.25	5.0
25.252842510371643	637.7060548536332	-0.5	0.25	5.0
25.69097229656368	660.0260575428024	-0.5	0.25	5.0
25.73830314607336	662.4602488391698	-0.5	0.25	5.0
26.23363112256165	688.2034018746352	-0.5	0.25	5.0
26.476412619612432	701.0004252039724	-0.5	0.25	5.0
26.805613975197062	718.54094058728	-0.5	0.25	5.0
26.841905102949333	720.4878695557375	-0.5	0.25	5.0
26.937163589631055	725.610782254545	-0.5	0.25	5.0
27.007781817129924	729.4202786816937	-0.5	0.25	5.0
27.26144028345819	743.1861263285568	-0.5	0.25	5.0
8.902015237627618	79.24587529095429	-1.0	1.0	6.0
8.977949546366364	80.60357805710001	-1.0	1.0	6.0
9.064567668029978	82.16638700829444	-1.0	1.0	6.0
9.57884018266999	91.75417924513326	-1.0	1.0	6.0
10.061360542351308	101.2309759631838	-1.0	1.0	6.0
10.616113859026111	112.70187346780627	-1.0	1.0	6.0
10.821056441215232	117.09526250396566	-1.0	1.0	6.0
11.381966011250109	129.5491502812527	-1.0	1.0	6.0
11.597690839666416	134.5064328124823	-1.0	1.0	6.0
11.891549944993038	141.40896009426393	-1.0	1.0	6.0
12.144575918004517	147.49072422817525	-1.0	1.0	6.0
12.462598422974782	155.31635945233353	-1.0	1.0	6.0
12.491555290172169	156.0389535674283	-1.0	1.0	6.0
12.850625920080198	165.13858653783703	-1.0	1.0	6.0
12.862763367318298	165.45068144362554	-1.0	1.0	6.0
13.226329235654857	174.9357850499384	-1.0	1.0	6.0
13.351654193383332	178.26666969969074	-1.0	1.0	6.0
13.472833908995263	181.51725353937258	-1.0	1.0	6.0
13.497584998196448	182.1848007835378	-1.0	1.0	6.0
13.618033988749895	185.45084971874738	-1.0	1.0	6.0
20.94214992674033	438.5736435540701	-1.0	1.0	6.0
21.03906889093538	442.64241979752484	-1.0	1.0	6.0
21.351821563111866	455.90028406296886	-1.0	1.0	6.0
21.622743200400336	467.54302351045897	-1.0	1.0	6.0
21.940873849570792	481.4019452827794	-1.0	1.0	6.0
22.085905184183225	487.78720780473145	-1.0	1.0	6.0
22.337974317113012	498.98509659200056	-1.0	1.0	6.0
22.499250465311647	506.21627150082634	-1.0	1.0	6.0
22.86236400724507	522.6876879997749	-1.0	1.0	6.0
22.89303333115913	524.090975101563	-1.0	1.0	6.0
23.284367117890206	542.1617520806866	-1.0	1.0	6.0
23.39103484141104	547.1405109521053	-1.0	1.0	6.0
23.72467345793345	562.8601306855719	-1.0	1.0	6.0
23.753156341871417	564.2124362013864	-1.0	1.0	6.0
23.97894264535548	574.9896903892477	-1.0	1.0	6.0
24.45566302850797	598.0794541639316	-1.0	1.0	6.0
24.570630504146763	603.7158833713074	-1.0	1.0	6.0
24.758331886855025	612.9749978196623	-1.0	1.0	6.0
24.874643896204184	618.747908962968	-1.0	1.0	6.0
25.021911806636368	626.0960704590884	-1.0	1.0	6.0
25.264896414016214	638.3149908109693	-1.0	1.0	6.0
25.513923252264426	650.9602797224394	-1.0	1.0	6.0
25.58900383639036	654.7971173388006	-1.0	1.0	6.0
26.081025425734744	680.2198872578222	-1.0	1.0	6.0
26.19562874967535	686.2109655908178	-1.0	1.0	6.0
26.738718236042452	714.9590529064692	-1.0	1.0	6.0
26.853910464163057	721.1325072172862	-1.0	1.0	6.0
27.524622928081442	757.6048673330666	-1.0	1.0	6.0
27.699440495558598	767.2590037669916	-1.0	1.0	6.0
28.278624418764995	799.6805990175718	-1.0	1.0	6.0
20.446533679280073	418.0607394979343	-1.5	2.25	7.0
21.52716609100474	463.41887990970434	-1.5	2.25	7.0
22.537401577025236	507.93446984409957	-1.5	2.25	7.0
22.682601656779873	514.500417920153	-1.5	2.25	7.0
23.84456443422489	568.5632530579026	-1.5	2.25	7.0
24.85479992024537	617.7610790754293	-1.5	2.25	7.0
25.000000000000004	625.0000000000002	-1.5	2.25	7.0
25.935432331970027	672.6466502461963	-1.5	2.25	7.0
26.080632411724668	680.1993869955032	-1.5	2.25	7.0
27.090867897745156	733.915123453079	-1.5	2.25	7.0
-3.0908678977451505	9.553464361311526	1.5	2.25	3.0
-2.08063241172467	4.329031232719217	1.5	2.25	3.0
-1.9354323319700304	3.74589831163495	1.5	2.25	3.0
-1.0000000000000004	1.0000000000000009	1.5	2.25	3.0
-0.8547999202453611	0.7306829036514757	1.5	2.25	3.0
0.1554355657751203	0.02416021510783175	1.5	2.25	3.0
1.3173983432201344	1.735538394719155	1.5	2.25	3.0
1.4625984229747755	2.1391941468883005	1.5	2.25	3.0
2.4728339089952542	6.114907541476749	1.5	2.25	3.0
3.553466320719924	12.627122892490796	1.5	2.25	3.0
-3.397480213047441	11.542871798048884	1.0	1.0	4.0
-2.7142631000743016	7.367224176424958	1.0	1.0	4.0
-2.3156634159184257	5.362297055822992	1.0	1.0	4.0
-1.8514395159711405	3.427828281299451	1.0	1.0	4.0
-1.8224962230640536	3.3214924830827406	1.0	1.0	4.0
-1.6180339887498647	2.618033988749797	1.0	1.0	4.0
-1.4728339089952343	2.1692397234861818	1.0	1.0	4.0
-1.153634305700269	1.3308721112885415	1.0	1.0	4.0
-1.035332448272829	1.07191327844661	1.0	1.0	4.0
-0.6591428423121712	0.43446928657136785	1.0	1.0	4.0
-0.46259842297477505	0.21399730093874889	1.0	1.0	4.0
-0.3391407730608478	0.11501646395230945	1.0	1.0	4.0
0.3986188365966221	0.15889697688964452	1.0	1.0	4.0
0.6180339887499073	0.3819660112501206	1.0	1.0	4.0
0.6371000155882545	0.4058964298625541	1.0	1.0	4.0
1.2341421176009568	1.5231067664365738	1.0	1.0	4.0
1.6736117632001672	2.8009763339219726	1.0	1.0	4.0
2.1487231191697074	4.617011042854396	1.0	1.0	4.0
2.511548925302101	6.307878004186139	1.0	1.0	4.0
2.935432331970027	8.616762975574991	1.0	1.0	4.0
8.73351432882344	76.27427253176432	1.0	1.0	4.0
8.789093979943853	77.24817298828529	1.0	1.0	4.0
9.173175467726594	84.14714816170101	1.0	1.0	4.0
9.598645056956387	92.13398692943329	1.0	1.0	4.0
9.816183879626212	96.35746595863353	1.0	1.0	4.0
10.11542223231482	102.32176693800895	1.0	1.0	4.0
10.334725079977076	106.80654247870719	1.0	1.0	4.0
10.704062608984609	114.5769563370624	1.0	1.0	4.0
10.727083746767835	115.07032571017066	1.0	1.0	4.0
11.140782864557544	124.11704283521898	1.0	1.0	4.0
11.396308288441748	129.8758426052061	1.0	1.0	4.0
11.604096466997657	134.6550548153875	1.0	1.0	4.0
11.727829462782967	137.54198390812022	1.0	1.0	4.0
11.78109227341786	138.794135154786	1.0	1.0	4.0
11.903907962496156	141.70302477957938	1.0	1.0	4.0
12.29955512408052	151.27905625029538	1.0	1.0	4.0
12.484346344174421	155.85890364130123	1.0	1.0	4.0
12.64535163245395	159.9049179084058	1.0	1.0	4.0
12.816826454811089	164.2710403727454	1.0	1.0	4.0
12.957696922769	167.9019095423372	1.0	1.0	4.0
13.45848010382927	181.13068670516833	1.0	1.0	4.0
13.777966118860563	189.83235037246962	1.0	1.0	4.0
14.083764542776615	198.3524236963718	1.0	1.0	4.0
14.187055226680858	201.27253600489266	1.0	1.0	4.0
14.322532416643998	205.13493482581816	1.0	1.0	4.0
14.61511683549947	213.60164011530003	1.0	1.0	4.0
14.913445035682127	222.41084283231189	1.0	1.0	4.0
14.945499913169929	223.36796765456236	1.0	1.0	4.0
15.807366354521685	249.87283106606418	1.0	1.0	4.0
15.823921334195326	250.39648639080198	1.0	1.0	4.0
-1.1684452390826792	1.3652642767349792	0.5	0.25	5.0
-1.1007862409285991	1.2117303482177157	0.5	0.25	5.0
-0.9839252298654451	0.968108857965769	0.5	0.25	5.0
-0.8227846428765524	0.6769745685534959	0.5	0.25	5.0
-0.763191148467129	0.5824607290985753	0.5	0.25	5.0
-0.7403604572628416	0.5481336066784439	0.5	0.25	5.0
-0.5396179871525497	0.2911875720585693	0.5	0.25	5.0
-0.4915693129998999	0.24164038948319358	0.5	0.25	5.0
-0.2608108602071866	0.06802230480201261	0.5	0.25	5.0
3.197442310920451e-14	1.0223637331664313e-27	0.5	0.25	5.0
7.800012221510901	60.84019065571942	0.5	0.25	5.0
8.224681189153177	67.64538066321012	0.5	0.25	5.0
8.620045246727184	74.30518005562391	0.5	0.25	5.0
8.699882241876615	75.68795102252008	0.5	0.25	5.0
8.818997575325792	77.7747182336022	0.5	0.25	5.0
8.854282436154037	78.39831745918586	0.5	0.25	5.0
9.082242413786233	82.48712726277758	0.5	0.25	5.0
9.357858920190939	87.56952357019712	0.5	0.25	5.0
9.525009433472793	90.7258047077457	0.5	0.25	5.0
9.586198260263508	91.8951970850791	0.5	0.25	5.0
9.653419974500384	93.188517204083	0.5	0.25	5.0
9.86177678096892	97.25464127765773	0.5	0.25	5.0
9.899105268216974	97.99228511124106	0.5	0.25	5.0
10.167202307406207	103.3720027597261	0.5	0.25	5.0
10.238594069803497	104.82880852621534	0.5	0.25	5.0
10.364114197598639	107.41486310086567	0.5	0.25	5.0
10.618823842624643	112.75941980069359	0.5	0.25	5.0
10.765965285594689	115.90600853062993	0.5	0.25	5.0
10.825483367339318	117.19109013654023	0.5	0.25	5.0
10.833053712471608	117.3550527372949	0.5	0.25	5.0
10.91608774110292	119.16097157145747	0.5	0.25	5.0
10.973565249812086	120.4191342918834	0.5	0.25	5.0
11.405927547641026	130.09518322203644	0.5	0.25	5.0
11.47134226260378	131.59169330579962	0.5	0.25	5.0
11.504938347813994	132.363606387001	0.5	0.25	5.0
11.537894377083408	133.1230066567329	0.5	0.25	5.0
11.538777633148225	133.14338926724176	0.5	0.25	5.0
11.627941571867968	135.20902519877532	0.5	0.25	5.0
11.737317576627685	137.7646238946132	0.5	0.25	5.0
11.856846088656248	140.58479917008296	0.5	0.25	5.0
12.000000000000004	144.00000000000009	0.5	0.25	5.0
12.000000000000009	144.00000000000023	0.5	0.25	5.0
12.012629172672655	144.3032596401461	0.5	0.25	5.0
12.115381768492526	146.78247539632108	0.5	0.25	5.0
12.18184374175298	148.39731694848624	0.5	0.25	5.0
12.272116425579737	150.60484156298398	0.5	0.25	5.0
12.388433144355066	153.47327577215515	0.5	0.25	5.0
12.577667661374367	158.19772379998253	0.5	0.25	5.0
12.580072497540412	158.25822404337265	0.5	0.25	5.0
12.609779500559174	159.0065390527224	0.5	0.25	5.0
12.747378965395448	162.49567048740633	0.5	0.25	5.0
12.814929192586485	164.2224102110053	0.5	0.25	5.0
13.066174970908296	170.72492837039042	0.5	0.25	5.0
13.398694373146814	179.5250109049961	0.5	0.25	5.0
13.504224502618419	182.36407941711968	0.5	0.25	5.0
13.537329932228928	183.25930169402127	0.5	0.25	5.0
13.724929834265618	188.37369895551444	0.5	0.25	5.0
13.809598847283954	190.7050203229063	0.5	0.25	5.0
13.912519524901777	193.55819953077315	0.5	0.25	5.0
14.094800476881803	198.6634004831075	0.5	0.25	5.0
14.176058143596011	200.96062449061478	0.5	0.25	5.0
14.250167609625066	203.06727690240737	0.5	0.25	5.0
14.595422929594212	213.0263704937245	0.5	0.25	5.0
14.608613076521804	213.41157601952386	0.5	0.25	5.0
14.833818160633749	220.0421612227476	0.5	0.25	5.0
14.86442037478019	220.95099307818043	0.5	0.25	5.0
15.128219637582115	228.86302940292512	0.5	0.25	5.0
15.506381354445807	240.4478627095046	0.5	0.25	5.0
15.59376865004081	243.16562071099557	0.5	0.25	5.0
15.863491910216144	251.65037558549304	0.5	0.25	5.0
21.771546984506752	474.00025809858505	0.5	0.25	5.0
21.88653865930527	479.0205744852641	0.5	0.25	5.0
22.09219309610313	488.06499579550683	0.5	0.25	5.0
22.223772900704674	493.8960819420954	0.5	0.25	5.0
22.266818887141394	495.8112233527567	0.5	0.25	5.0
22.675048789078577	514.1578375870938	0.5	0.25	5.0
23.10523396881964	533.8518367538969	0.5	0.25	5.0
23.144719036187094	535.6780192640413	0.5	0.25	5.0
23.218758333316238	539.1107385409423	0.5	0.25	5.0
23.473919260593703	551.024885452872	0.5	0.25	5.0
23.482085674541814	551.4083476265218	0.5	0.25	5.0
23.812549383263462	567.0375081303611	0.5	0.25	5.0
23.91763783057601	572.0533993946007	0.5	0.25	5.0
24.2376258214889	587.4625054625055	0.5	0.25	5.0
24.268155647382933	588.9433785256042	0.5	0.25	5.0
24.45117673990831	597.8600439662331	0.5	0.25	5.0
24.475433695531777	599.0468545843723	0.5	0.25	5.0
24.715158553523466	610.8390623258041	0.5	0.25	5.0
25.059897625516786	627.9984690013819	0.5	0.25	5.0
25.21090024688109	635.5894912581889	0.5	0.25	5.0
25.252842510371647	637.7060548536334	0.5	0.25	5.0
25.690972296563675	660.0260575428023	0.5	0.25	5.0
25.738303146073363	662.46024883917	0.5	0.25	5.0
26.233631122561654	688.2034018746355	0.5	0.25	5.0
26.476412619612432	701.0004252039724	0.5	0.25	5.0
26.80561397519706	718.5409405872798	0.5	0.25	5.0
26.84190510294933	720.4878695557372	0.5	0.25	5.0
26.93716358963105	725.6107822545448	0.5	0.25	5.0
27.00778181712992	729.4202786816935	0.5	0.25	5.0
27.26144028345819	743.1861263285568	0.5	0.25	5.0
8.799064533610856	77.42353666664843	0.0	0.0	6.0
8.902015237627621	79.24587529095436	0.0	0.0	6.0
8.977949546366368	80.60357805710007	0.0	0.0	6.0
9.064567668029975	82.16638700829438	0.0	0.0	6.0
9.578840182669985	91.75417924513316	0.0	0.0	6.0
9.900525071864548	98.02039669861851	0.0	0.0	6.0
10.00420836642071	100.08418503876214	0.0	0.0	6.0
10.061360542351318	101.23097596318401	0.0	0.0	6.0
10.17287649003508	103.48741608150844	0.0	0.0	6.0
10.616113859026113	112.70187346780631	0.0	0.0	6.0
10.762971846591293	115.84156297051679	0.0	0.0	6.0
10.821056441215237	117.09526250396577	0.0	0.0	6.0
11.381966011250107	129.54915028125268	0.0	0.0	6.0
11.59769083966642	134.5064328124824	0.0	0.0	6.0
11.891549944993026	141.40896009426362	0.0	0.0	6.0
11.96024339875682	143.04742215750608	0.0	0.0	6.0
12.144575918004515	147.4907242281752	0.0	0.0	6.0
12.462598422974771	155.31635945233327	0.0	0.0	6.0
12.481232615796268	155.78116760961655	0.0	0.0	6.0
12.49155529017218	156.03895356742856	0.0	0.0	6.0
12.610544709992048	159.02583788270843	0.0	0.0	6.0
12.85062592008021	165.13858653783734	0.0	0.0	6.0
12.862763367318301	165.45068144362565	0.0	0.0	6.0
13.005286617531665	169.13748000414822	0.0	0.0	6.0
13.226329235654855	174.93578504993835	0.0	0.0	6.0
13.26291162723377	175.90482483181273	0.0	0.0	6.0
13.351654193383325	178.26666969969054	0.0	0.0	6.0
13.472833908995264	181.5172535393726	0.0	0.0	6.0
13.497584998196457	182.18480078353804	0.0	0.0	6.0
13.618033988749897	185.45084971874743	0.0	0.0	6.0
20.49041921623395	419.8572796570095	0.0	0.0	6.0
20.755782454753486	430.80250530905266	0.0	0.0	6.0
20.942149926740328	438.5736435540699	0.0	0.0	6.0
21.039068890935376	442.64241979752467	0.0	0.0	6.0
21.08726652351985	444.672809433961	0.0	0.0	6.0
21.35182156311189	455.9002840629699	0.0	0.0	6.0
21.370358827478917	456.6922364152061	0.0	0.0	6.0
21.488141827883254	461.74023921522587	0.0	0.0	6.0
21.62274320040035	467.5430235104596	0.0	0.0	6.0
21.9408738495708	481.40194528277976	0.0	0.0	6.0
22.085905184183222	487.78720780473134	0.0	0.0	6.0
22.23831117546629	494.5424839368689	0.0	0.0	6.0
22.337974317112995	498.98509659199976	0.0	0.0	6.0
22.46831072851618	504.8249869931553	0.0	0.0	6.0
22.499250465311633	506.2162715008257	0.0	0.0	6.0
22.510607352241916	506.7274433668078	0.0	0.0	6.0
22.664587550955364	513.6835288549208	0.0	0.0	6.0
22.77409927644026	518.6595978531568	0.0	0.0	6.0
22.862364007245034	522.6876879997732	0.0	0.0	6.0
22.893033331159124	524.0909751015627	0.0	0.0	6.0
23.21980245383027	539.1592259949022	0.0	0.0	6.0
23.284367117890184	542.1617520806857	0.0	0.0	6.0
23.386722796228447	546.9388031476313	0.0	0.0	6.0
23.391034841410985	547.1405109521027	0.0	0.0	6.0
23.406884327453362	547.8822339187818	0.0	0.0	6.0
23.63947198911297	558.8246359240567	0.0	0.0	6.0
23.724673457933463	562.8601306855726	0.0	0.0	6.0
23.753156341871417	564.2124362013864	0.0	0.0	6.0
23.89844015833748	571.1354420016376	0.0	0.0	6.0
23.901950106467517	571.3032188920625	0.0	0.0	6.0
23.978942645355453	574.9896903892463	0.0	0.0	6.0
24.20512257786391	585.8879590094173	0.0	0.0	6.0
24.455663028507963	598.0794541639312	0.0	0.0	6.0
24.48590083086072	599.5593394987458	0.0	0.0	6.0
24.570630504146756	603.7158833713071	0.0	0.0	6.0
24.65987228941963	608.1093013304862	0.0	0.0	6.0
24.731562552525553	611.6501862894843	0.0	0.0	6.0
24.75833188685504	612.974997819663	0.0	0.0	6.0
24.874643896204194	618.7479089629686	0.0	0.0	6.0
24.94386367259459	622.196334916984	0.0	0.0	6.0
25.021911806636332	626.0960704590867	0.0	0.0	6.0
25.195965054145017	634.8366550096969	0.0	0.0	6.0
25.264896414016217	638.3149908109696	0.0	0.0	6.0
25.290370822950997	639.6028563623711	0.0	0.0	6.0
25.513923252264426	650.9602797224394	0.0	0.0	6.0
25.58900383639034	654.7971173387996	0.0	0.0	6.0
25.673559538172505	659.1316593600884	0.0	0.0	6.0
26.066718398626836	679.4738080733108	0.0	0.0	6.0
26.08102542573473	680.2198872578215	0.0	0.0	6.0
26.195628749675326	686.2109655908165	0.0	0.0	6.0
26.22281605072909	687.6360816303752	0.0	0.0	6.0
26.738718236042455	714.9590529064693	0.0	0.0	6.0
26.853910464163025	721.1325072172845	0.0	0.0	6.0
26.863739178744225	721.6604826635975	0.0	0.0	6.0
27.25070163929163	742.6007398336916	0.0	0.0	6.0
27.515732528520076	757.1155365810578	0.0	0.0	6.0
27.524622928081406	757.6048673330647	0.0	0.0	6.0
27.55763572420208	759.4232867078186	0.0	0.0	6.0
27.699440495558576	767.2590037669903	0.0	0.0	6.0
28.278624418764963	799.68059901757	0.0	0.0	6.0
36.268631168961704	1315.4136068701805	0.0	0.0	6.0
36.296613096077934	1317.444122246376	0.0	0.0	6.0
36.392342860070826	1324.402618844948	0.0	0.0	6.0
36.42891816866545	1327.0660789393235	0.0	0.0	6.0
36.53629570488922	1334.9009038351064	0.0	0.0	6.0
36.68419613216748	1345.7302458633314	0.0	0.0	6.0
36.86739049835864	1359.2044821584648	0.0	0.0	6.0
36.951941864864295	1365.4460075843106	0.0	0.0	6.0
37.14556693361044	1379.7931428193333	0.0	0.0	6.0
37.503520670934584	1406.5140627152177	0.0	0.0	6.0
20.34806206543714	414.043629818882	-0.5	0.25	7.0
20.44653367928007	418.06073949793415	-0.5	0.25	7.0
20.817810917706737	433.38125140538983	-0.5	0.25	7.0
21.425686768035927	459.0600534819898	-0.5	0.25	7.0
21.52716609100473	463.4188799097039	-0.5	0.25	7.0
21.555168587307662	464.625292827255	-0.5	0.25	7.0
22.251856579329814	495.14512122706356	-0.5	0.25	7.0
22.264317167308963	495.6998189265286	-0.5	0.25	7.0
22.53740157702521	507.93446984409843	-0.5	0.25	7.0
22.543334514904895	508.2019310509023	-0.5	0.25	7.0
22.68260165677986	514.5004179201524	-0.5	0.25	7.0
22.746667274815902	517.4108721111807	-0.5	0.25	7.0
23.200509431522224	538.2636378821517	-0.5	0.25	7.0
23.426125413518513	548.7833518898979	-0.5	0.25	7.0
23.599274883476568	556.925775025888	-0.5	0.25	7.0
23.84456443422488	568.563253057902	-0.5	0.25	7.0
24.12491389690617	582.0114705331364	-0.5	0.25	7.0
24.22518770351408	586.8597192704898	-0.5	0.25	7.0
24.24765924432264	587.9489788287852	-0.5	0.25	7.0
24.85479992024535	617.7610790754281	-0.5	0.25	7.0
24.999999999999982	624.9999999999991	-0.5	0.25	7.0
25.113325808606398	630.6791331692161	-0.5	0.25	7.0
25.327093355999043	641.4616578634909	-0.5	0.25	7.0
25.908479511067103	671.2493105753839	-0.5	0.25	7.0
25.935432331970013	672.6466502461955	-0.5	0.25	7.0
26.025432020808374	677.3231118697179	-0.5	0.25	7.0
26.080632411724658	680.1993869955028	-0.5	0.25	7.0
26.695038591323538	712.625085392253	-0.5	0.25	7.0
26.81922102279991	719.2706162697925	-0.5	0.25	7.0
27.090867897745156	733.915123453079	-0.5	0.25	7.0
34.09694919742567	1162.6019445718273	-0.5	0.25	7.0
34.264521662853824	1174.0574447841789	-0.5	0.25	7.0
34.45467911349259	1187.1249128137424	-0.5	0.25	7.0
34.47383741957829	1188.4454664315163	-0.5	0.25	7.0
34.97138910147582	1222.998055686822	-0.5	0.25	7.0
35.12654893465027	1233.8744400583803	-0.5	0.25	7.0
35.1803257076581	1237.6553168969094	-0.5	0.25	7.0
35.4591800926506	1257.3534528430284	-0.5	0.25	7.0
35.850258799504516	1285.241055991451	-0.5	0.25	7.0
35.88675094412392	1287.858893325579	-0.5	0.25	7.0
36.13097913718819	1305.4476534119283	-0.5	0.25	7.0
36.191756723147236	1309.843254707473	-0.5	0.25	7.0
36.88742016577324	1360.6817664862945	-0.5	0.25	7.0
36.92467499465424	1363.431623460844	-0.5	0.25	7.0
37.454493184971554	1402.8390597430805	-0.5	0.25	7.0
37.62565827699454	1415.6901607771679	-0.5	0.25	7.0
38.926341346524566	1515.260050626148	-0.5	0.25	7.0
38.96744174224686	1518.4615159354032	-0.5	0.25	7.0
39.07187538982497	1526.6114464780098	-0.5	0.25	7.0
39.38975330654958	1551.5526655508336	-0.5	0.25	7.0
32.90913210225486	1083.0109757236612	-1.0	1.0	8.0
33.919367588275335	1150.5234975885433	-1.0	1.0	8.0
34.06456766802997	1160.394770409793	-1.0	1.0	8.0
35.000000000000014	1225.000000000001	-1.0	1.0	8.0
35.14520007975464	1235.1850886459854	-1.0	1.0	8.0
36.15543556577514	1307.215520950918	-1.0	1.0	8.0
37.31739834322014	1392.5882191065693	-1.0	1.0	8.0
37.46259842297478	1403.4462806010724	-1.0	1.0	8.0
38.47283390899528	1480.158948989137	-1.0	1.0	8.0
39.553466320719934	1564.4766979843262	-1.0	1.0	8.0
-1.6180339887498951	2.618033988749896	2.0	4.0	4.0
-1.4728339089952556	2.169239723486245	2.0	4.0	4.0
-0.4625984229747755	0.2139973009387493	2.0	4.0	4.0
0.6180339887498945	0.38196601125010465	2.0	4.0	4.0
2.9354323319700257	8.616762975574984	2.0	4.0	4.0
-0.8227846428765524	0.6769745685534959	1.5	2.25	5.0
-0.740360457262863	0.5481336066784757	1.5	2.25	5.0
-0.4915693129999106	0.24164038948320404	1.5	2.25	5.0
-0.26081086020719724	0.06802230480201818	1.5	2.25	5.0
3.197442310920451e-14	1.0223637331664313e-27	1.5	2.25	5.0
8.699882241876619	75.68795102252014	1.5	2.25	5.0
8.818997575325806	77.77471823360244	1.5	2.25	5.0
9.586198260263519	91.89519708507932	1.5	2.25	5.0
9.861776780968892	97.25464127765716	1.5	2.25	5.0
10.364114197598642	107.41486310086574	1.5	2.25	5.0
10.765965285594675	115.90600853062962	1.5	2.25	5.0
11.537894377083397	133.12300665673268	1.5	2.25	5.0
11.5387776331482	133.1433892672412	1.5	2.25	5.0
11.999999999999998	143.99999999999997	1.5	2.25	5.0
12.000000000000005	144.00000000000014	1.5	2.25	5.0
12.012629172672636	144.30325964014565	1.5	2.25	5.0
12.181843741752969	148.39731694848598	1.5	2.25	5.0
12.577667661374356	158.19772379998227	1.5	2.25	5.0
12.609779500559164	159.0065390527221	1.5	2.25	5.0
13.537329932228909	183.25930169402076	1.5	2.25	5.0
13.724929834265591	188.3736989555137	1.5	2.25	5.0
14.176058143595995	200.96062449061432	1.5	2.25	5.0
14.864420374780185	220.9509930781803	1.5	2.25	5.0
15.593768650040822	243.16562071099597	1.5	2.25	5.0
15.863491910216158	251.6503755854935	1.5	2.25	5.0
8.902015237627614	79.24587529095423	1.0	1.0	6.0
8.977949546366357	80.60357805709988	1.0	1.0	6.0
9.064567668029973	82.16638700829434	1.0	1.0	6.0
9.57884018266999	91.75417924513326	1.0	1.0	6.0
10.061360542351304	101.23097596318372	1.0	1.0	6.0
10.616113859026107	112.7018734678062	1.0	1.0	6.0
10.821056441215227	117.09526250396554	1.0	1.0	6.0
11.381966011250109	129.5491502812527	1.0	1.0	6.0
11.597690839666415	134.50643281248227	1.0	1.0	6.0
11.89154994499302	141.4089600942635	1.0	1.0	6.0
12.144575918004513	147.49072422817517	1.0	1.0	6.0
12.46259842297477	155.31635945233322	1.0	1.0	6.0
12.491555290172169	156.0389535674283	1.0	1.0	6.0
12.850625920080198	165.13858653783703	1.0	1.0	6.0
12.862763367318301	165.45068144362565	1.0	1.0	6.0
13.226329235654854	174.93578504993832	1.0	1.0	6.0
13.351654193383315	178.26666969969025	1.0	1.0	6.0
13.472833908995245	181.5172535393721	1.0	1.0	6.0
13.497584998196448	182.1848007835378	1.0	1.0	6.0
13.618033988749897	185.45084971874743	1.0	1.0	6.0
20.94214992674033	438.5736435540701	1.0	1.0	6.0
21.03906889093538	442.64241979752484	1.0	1.0	6.0
21.35182156311188	455.90028406296943	1.0	1.0	6.0
21.622743200400336	467.54302351045897	1.0	1.0	6.0
21.940873849570796	481.4019452827796	1.0	1.0	6.0
22.08590518418323	487.7872078047316	1.0	1.0	6.0
22.337974317113	498.98509659200005	1.0	1.0	6.0
22.499250465311643	506.2162715008262	1.0	1.0	6.0
22.862364007245063	522.6876879997745	1.0	1.0	6.0
22.893033331159124	524.0909751015627	1.0	1.0	6.0
23.28436711789019	542.161752080686	1.0	1.0	6.0
23.391034841411027	547.1405109521046	1.0	1.0	6.0
23.72467345793345	562.8601306855719	1.0	1.0	6.0
23.75315634187143	564.212436201387	1.0	1.0	6.0
23.978942645355453	574.9896903892463	1.0	1.0	6.0
24.455663028507956	598.0794541639309	1.0	1.0	6.0
24.57063050414675	603.7158833713067	1.0	1.0	6.0
24.75833188685501	612.9749978196616	1.0	1.0	6.0
24.8746438962042	618.747908962969	1.0	1.0	6.0
25.02191180663636	626.0960704590881	1.0	1.0	6.0
25.26489641401622	638.3149908109697	1.0	1.0	6.0
25.51392325226442	650.960279722439	1.0	1.0	6.0
25.589003836390347	654.7971173387999	1.0	1.0	6.0
26.081025425734744	680.2198872578222	1.0	1.0	6.0
26.19562874967535	686.2109655908178	1.0	1.0	6.0
26.738718236042452	714.9590529064692	1.0	1.0	6.0
26.853910464163057	721.1325072172862	1.0	1.0	6.0
27.52462292808142	757.6048673330654	1.0	1.0	6.0
27.699440495558576	767.2590037669903	1.0	1.0	6.0
28.27862441876496	799.6805990175699	1.0	1.0	6.0
20.34806206543714	414.043629818882	0.5	0.25	7.0
20.446533679280066	418.06073949793404	0.5	0.25	7.0
20.817810917706733	433.38125140538966	0.5	0.25	7.0
21.42568676803593	459.06005348198994	0.5	0.25	7.0
21.527166091004723	463.41887990970355	0.5	0.25	7.0
21.555168587307655	464.62529282725467	0.5	0.25	7.0
22.251856579329814	495.14512122706356	0.5	0.25	7.0
22.264317167308967	495.6998189265288	0.5	0.25	7.0
22.537401577025214	507.9344698440986	0.5	0.25	7.0
22.543334514904895	508.2019310509023	0.5	0.25	7.0
22.682601656779863	514.5004179201526	0.5	0.25	7.0
22.746667274815902	517.4108721111807	0.5	0.25	7.0
23.20050943152222	538.2636378821516	0.5	0.25	7.0
23.426125413518516	548.7833518898981	0.5	0.25	7.0
23.59927488347657	556.9257750258881	0.5	0.25	7.0
23.844564434224885	568.5632530579023	0.5	0.25	7.0
24.124913896906165	582.0114705331362	0.5	0.25	7.0
24.22518770351408	586.8597192704898	0.5	0.25	7.0
24.247659244322648	587.9489788287856	0.5	0.25	7.0
24.85479992024535	617.7610790754281	0.5	0.25	7.0
25.000000000000018	625.0000000000009	0.5	0.25	7.0
25.11332580860639	630.6791331692158	0.5	0.25	7.0
25.327093355999033	641.4616578634904	0.5	0.25	7.0
25.908479511067085	671.249310575383	0.5	0.25	7.0
25.935432331970013	672.6466502461955	0.5	0.25	7.0
26.02543202080837	677.3231118697176	0.5	0.25	7.0
26.080632411724675	680.1993869955037	0.5	0.25	7.0
26.695038591323538	712.625085392253	0.5	0.25	7.0
26.81922102279991	719.2706162697925	0.5	0.25	7.0
27.090867897745134	733.9151234530779	0.5	0.25	7.0
34.09694919742569	1162.6019445718282	0.5	0.25	7.0
34.264521662853866	1174.0574447841818	0.5	0.25	7.0
34.454679113492574	1187.1249128137415	0.5	0.25	7.0
34.47383741957829	1188.4454664315163	0.5	0.25	7.0
34.97138910147579	1222.99805568682	0.5	0.25	7.0
35.12654893465025	1233.8744400583787	0.5	0.25	7.0
35.18032570765813	1237.6553168969112	0.5	0.25	7.0
35.45918009265061	1257.3534528430296	0.5	0.25	7.0
35.85025879950449	1285.241055991449	0.5	0.25	7.0
35.88675094412388	1287.8588933255764	0.5	0.25	7.0
36.13097913718822	1305.4476534119303	0.5	0.25	7.0
36.19175672314724	1309.8432547074738	0.5	0.25	7.0
36.88742016577329	1360.681766486298	0.5	0.25	7.0
36.924674994654254	1363.431623460845	0.5	0.25	7.0
37.454493184971604	1402.8390597430844	0.5	0.25	7.0
37.62565827699453	1415.690160777167	0.5	0.25	7.0
38.92634134652458	1515.260050626149	0.5	0.25	7.0
38.967441742246834	1518.461515935401	0.5	0.25	7.0
39.07187538982495	1526.611446478009	0.5	0.25	7.0
39.389753306549565	1551.5526655508324	0.5	0.25	7.0
32.90913210225483	1083.0109757236594	0.0	0.0	8.0
33.24895370472766	1105.4929224591233	0.0	0.0	8.0
33.55739459330075	1126.0987318904904	0.0	0.0	8.0
33.91936758827534	1150.523497588544	0.0	0.0	8.0
34.06456766802996	1160.394770409792	0.0	0.0	8.0
34.137050162993084	1165.3381938307061	0.0	0.0	8.0
34.915989571405795	1219.1263277505182	0.0	0.0	8.0
34.99999999999997	1224.999999999998	0.0	0.0	8.0
35.013498448265324	1225.9450735866783	0.0	0.0	8.0
35.145200079754645	1235.1850886459858	0.0	0.0	8.0
36.04827649508359	1299.4782382659962	0.0	0.0	8.0
36.15543556577513	1307.2155209509172	0.0	0.0	8.0
36.38675453841926	1323.9959058391746	0.0	0.0	8.0
36.932162806456105	1363.9846495625798	0.0	0.0	8.0
37.31739834322012	1392.5882191065677	0.0	0.0	8.0
37.46259842297476	1403.4462806010708	0.0	0.0	8.0
37.75181090696119	1425.1992267549538	0.0	0.0	8.0
38.472833908995256	1480.158948989135	0.0	0.0	8.0
39.482418717396754	1558.8613877758416	0.0	0.0	8.0
39.55346632071992	1564.476697984325	0.0	0.0	8.0
48.14836516112963	2318.265067689482	0.0	0.0	8.0
48.20008771387964	2323.248455625691	0.0	0.0	8.0
48.41230808081809	2343.751573712045	0.0	0.0	8.0
48.54812611735644	2356.9205495067463	0.0	0.0	8.0
49.21680298180658	2422.293695749965	0.0	0.0	8.0
46.38196601125011	2151.28677106876	-0.5	0.25	9.0
46.52716609100474	2164.777184459941	-0.5	0.25	9.0
47.537401577025236	2259.8045486953615	-0.5	0.25	9.0
48.61803398874991	2363.7132289312412	-0.5	0.25	9.0
50.93543233197002	2594.418266844697	-0.5	0.25	9.0
0.0	0.0	2.5	6.25	5.0
9.06456766802997	82.16638700829428	2.0	4.0	6.0
11.381966011250103	129.5491502812526	2.0	4.0	6.0
12.462598422974771	155.31635945233327	2.0	4.0	6.0
13.472833908995254	181.51725353937232	2.0	4.0	6.0
13.618033988749891	185.45084971874726	2.0	4.0	6.0
20.446533679280073	418.0607394979343	1.5	2.25	7.0
21.52716609100474	463.41887990970434	1.5	2.25	7.0
22.537401577025236	507.93446984409957	1.5	2.25	7.0
22.682601656779873	514.500417920153	1.5	2.25	7.0
23.84456443422489	568.5632530579026	1.5	2.25	7.0
24.85479992024537	617.7610790754293	1.5	2.25	7.0
25.000000000000004	625.0000000000002	1.5	2.25	7.0
25.935432331970027	672.6466502461963	1.5	2.25	7.0
26.080632411724668	680.1993869955032	1.5	2.25	7.0
27.090867897745156	733.915123453079	1.5	2.25	7.0
32.90913210225486	1083.0109757236612	1.0	1.0	8.0
33.919367588275335	1150.5234975885433	1.0	1.0	8.0
34.06456766802997	1160.394770409793	1.0	1.0	8.0
35.000000000000014	1225.000000000001	1.0	1.0	8.0
35.14520007975464	1235.1850886459854	1.0	1.0	8.0
36.15543556577514	1307.215520950918	1.0	1.0	8.0
37.31739834322014	1392.5882191065693	1.0	1.0	8.0
37.46259842297478	1403.4462806010724	1.0	1.0	8.0
38.47283390899528	1480.158948989137	1.0	1.0	8.0
39.553466320719934	1564.4766979843262	1.0	1.0	8.0
46.38196601125011	2151.28677106876	0.5	0.25	9.0
46.52716609100474	2164.777184459941	0.5	0.25	9.0
47.537401577025236	2259.8045486953615	0.5	0.25	9.0
48.61803398874991	2363.7132289312412	0.5	0.25	9.0
50.93543233197002	2594.418266844697	0.5	0.25	9.0
60.0	3600.0	0.0	0.0	10.0
