E	Esq	M	Msq	N_tot
0.0	0.0	0.0	0.0	0.0
-2.6855439326707904	7.212146214304894	-0.5	0.25	1.0
-0.33490398537342503	0.11216067941900329	-0.5	0.25	1.0
8.881784197001252e-16	7.888609052210118e-31	-0.5	0.25	1.0
1.2713303702976988	1.6162809104412839	-0.5	0.25	1.0
1.7491175477465215	3.059412195834805	-0.5	0.25	1.0
-3.0204479180442223	9.123105625617677	-1.0	1.0	2.0
-2.6855439326707886	7.212146214304886	-1.0	1.0	2.0
-1.4142135623730918	1.999999999999991	-1.0	1.0	2.0
-0.9364263849242729	0.8768943743823425	-1.0	1.0	2.0
-0.3349039853734246	0.11216067941900298	-1.0	1.0	2.0
0.9364263849242724	0.8768943743823416	-1.0	1.0	2.0
1.2713303702976988	1.6162809104412839	-1.0	1.0	2.0
1.4142135623730951	2.0000000000000004	-1.0	1.0	2.0
1.7491175477465217	3.0594121958348057	-1.0	1.0	2.0
3.020447918044219	9.123105625617658	-1.0	1.0	2.0
-3.0204479180442125	9.123105625617619	-1.5	2.25	3.0
-1.749117547746522	3.0594121958348066	-1.5	2.25	3.0
-1.4142135623730998	2.0000000000000133	-1.5	2.25	3.0
-1.2713303702976977	1.6162809104412812	-1.5	2.25	3.0
-0.936426384924272	0.8768943743823409	-1.5	2.25	3.0
0.3349039853734259	0.11216067941900389	-1.5	2.25	3.0
0.9364263849242707	0.8768943743823383	-1.5	2.25	3.0
1.4142135623730956	2.0000000000000013	-1.5	2.25	3.0
2.685543932670787	7.212146214304876	-1.5	2.25	3.0
3.020447918044219	9.123105625617658	-1.5	2.25	3.0
-1.7491175477465217	3.0594121958348057	-2.0	4.0	4.0
-1.2713303702976977	1.6162809104412812	-2.0	4.0	4.0
0.0	0.0	-2.0	4.0	4.0
0.3349039853734259	0.11216067941900389	-2.0	4.0	4.0
2.6855439326707833	7.212146214304856	-2.0	4.0	4.0
0.0	0.0	-2.5	6.25	5.0
-2.6855439326707904	7.212146214304894	0.5	0.25	1.0
-0.33490398537342503	0.11216067941900329	0.5	0.25	1.0
8.881784197001252e-16	7.888609052210118e-31	0.5	0.25	1.0
1.2713303702976988	1.6162809104412839	0.5	0.25	1.0
1.7491175477465215	3.059412195834805	0.5	0.25	1.0
-4.1300635141300805	17.05742463074851	0.0	0.0	2.0
-3.020447918044219	9.123105625617658	0.0	0.0	2.0
-2.6855439326707935	7.212146214304911	0.0	0.0	2.0
-2.4490457113715687	5.997824896387473	0.0	0.0	2.0
-1.586372966763947	2.516579189679447	0.0	0.0	2.0
-1.4142135623730976	2.000000000000007	0.0	0.0	2.0
-0.9364263849242733	0.8768943743823433	0.0	0.0	2.0
-0.334903985373427	0.11216067941900462	0.0	0.0	2.0
-0.3259699700383334	0.10625642136679196	0.0	0.0	2.0
-0.055123817789580976	0.003038635287698924	0.0	0.0	2.0
0.5731338000221289	0.3284823527278056	0.0	0.0	2.0
0.9364263849242667	0.8768943743823309	0.0	0.0	2.0
0.9421643157694772	0.8876735979093672	0.0	0.0	2.0
1.2713303702976972	1.61628091044128	0.0	0.0	2.0
1.408961233455805	1.9851717573813035	0.0	0.0	2.0
1.4142135623730916	1.9999999999999902	0.0	0.0	2.0
1.502940945084971	2.2588314844129056	0.0	0.0	2.0
1.7491175477465193	3.0594121958347973	0.0	0.0	2.0
2.7164986507654465	7.379364919610492	0.0	0.0	2.0
3.0204479180442156	9.123105625617637	0.0	0.0	2.0
16.066732517771854	258.1398937976275	0.0	0.0	2.0
16.133757162492035	260.29812017826305	0.0	0.0	2.0
16.232535551097723	263.49521041765144	0.0	0.0	2.0
16.34251146408437	267.0776809537291	0.0	0.0	2.0
16.62734033954969	276.4684467672164	0.0	0.0	2.0
-4.071791252398999	16.579484003113006	-0.5	0.25	3.0
-3.532750468952125	12.48032587588146	-0.5	0.25	3.0
-3.0204479180442156	9.123105625617637	-0.5	0.25	3.0
-2.321737022342516	5.390462800915893	-0.5	0.25	3.0
-2.2654245367906842	5.132148331893286	-0.5	0.25	3.0
-1.8144495172932156	3.292227050805583	-0.5	0.25	3.0
-1.7491175477465215	3.059412195834805	-0.5	0.25	3.0
-1.570144096796577	2.4653524847051385	-0.5	0.25	3.0
-1.5501949607417949	2.403104416309255	-0.5	0.25	3.0
-1.4142135623730967	2.000000000000005	-0.5	0.25	3.0
-1.2713303702977017	1.6162809104412912	-0.5	0.25	3.0
-1.048866033114908	1.1001199554222032	-0.5	0.25	3.0
-0.9364263849242733	0.8768943743823433	-0.5	0.25	3.0
-0.5470822917842448	0.2992990339839016	-0.5	0.25	3.0
-0.23107801051402976	0.05339704694312205	-0.5	0.25	3.0
0.2520342574864207	0.06352126694673142	-0.5	0.25	3.0
0.33490398537342436	0.11216067941900285	-0.5	0.25	3.0
0.46910423822651026	0.22005878632207448	-0.5	0.25	3.0
0.8062146441374214	0.649982052421629	-0.5	0.25	3.0
0.8973333761455571	0.8052071879447839	-0.5	0.25	3.0
0.9364263849242702	0.8768943743823375	-0.5	0.25	3.0
1.1579126028796782	1.3407615959075914	-0.5	0.25	3.0
1.4142135623730931	1.9999999999999947	-0.5	0.25	3.0
1.6747363315780337	2.8047417803074497	-0.5	0.25	3.0
1.7583045373576907	3.0916348460926426	-0.5	0.25	3.0
2.343335853389263	5.491222921779586	-0.5	0.25	3.0
2.525300748461059	6.377143870177985	-0.5	0.25	3.0
2.685543932670787	7.212146214304876	-0.5	0.25	3.0
2.7806985226161274	7.732284273679514	-0.5	0.25	3.0
3.020447918044213	9.12310562561762	-0.5	0.25	3.0
13.424951926408848	180.22933422638866	-0.5	0.25	3.0
13.632203249040149	185.83696542314078	-0.5	0.25	3.0
13.85122334978049	191.85638828550427	-0.5	0.25	3.0
14.146603683907031	200.12639578953198	-0.5	0.25	3.0
15.230266850085165	231.9610283248031	-0.5	0.25	3.0
15.466065575062213	239.19918437212448	-0.5	0.25	3.0
15.626799726508327	244.19686969240072	-0.5	0.25	3.0
15.85787661056748	251.47225059598316	-0.5	0.25	3.0
16.088201402810288	258.8302243773869	-0.5	0.25	3.0
16.202580998622672	262.52363101692845	-0.5	0.25	3.0
16.299113193567408	265.6610908967231	-0.5	0.25	3.0
16.349160208605298	267.2950395266428	-0.5	0.25	3.0
16.797742256486455	282.1641449153507	-0.5	0.25	3.0
17.27817755030287	298.53541945979015	-0.5	0.25	3.0
17.420124433203345	303.46073526828815	-0.5	0.25	3.0
17.66618724837155	312.0941718945256	-0.5	0.25	3.0
17.876420181970115	319.56639852234844	-0.5	0.25	3.0
18.08784680058347	327.1702018813777	-0.5	0.25	3.0
18.372996600940912	337.5670040981863	-0.5	0.25	3.0
18.61400123162736	346.4810418510248	-0.5	0.25	3.0
-3.10631708830649	9.64920585310491	-1.0	1.0	4.0
-2.211725759737668	4.891730836287164	-1.0	1.0	4.0
-1.9388137537167012	3.7589987716010453	-1.0	1.0	4.0
-1.7491175477465066	3.059412195834753	-1.0	1.0	4.0
-1.7448146866276748	3.0443782906716312	-1.0	1.0	4.0
-1.4554245765583538	2.1182606980500633	-1.0	1.0	4.0
-1.2713303702976866	1.616280910441253	-1.0	1.0	4.0
-1.0406261061907287	1.0829026928856778	-1.0	1.0	4.0
-0.3714943102659696	0.13800802255998848	-1.0	1.0	4.0
-0.30243255778487566	0.09146545200830215	-1.0	1.0	4.0
-0.1729527586593278	0.029912656727871686	-1.0	1.0	4.0
7.105427357601002e-15	5.048709793414476e-29	-1.0	1.0	4.0
0.05204268650135546	0.002708441218278366	-1.0	1.0	4.0
0.33490398537345456	0.11216067941902307	-1.0	1.0	4.0
0.5290635921339053	0.2799082845216313	-1.0	1.0	4.0
1.0824287627704408	1.171652026472747	-1.0	1.0	4.0
1.587801666952526	2.52111413357722	-1.0	1.0	4.0
2.1984329218775542	4.8331073119950805	-1.0	1.0	4.0
2.5183523993672807	6.34209880739894	-1.0	1.0	4.0
2.6855439326708073	7.212146214304985	-1.0	1.0	4.0
12.989807409365113	168.7350965323968	-1.0	1.0	4.0
13.078532011604766	171.0479995785706	-1.0	1.0	4.0
13.43199004220553	180.41835649390853	-1.0	1.0	4.0
13.482486728700962	181.77744838959757	-1.0	1.0	4.0
13.780680087037101	189.9071436612609	-1.0	1.0	4.0
14.182646973273233	201.14747516849638	-1.0	1.0	4.0
14.195731652226504	201.51879714202545	-1.0	1.0	4.0
14.584885361649004	212.7188810124434	-1.0	1.0	4.0
14.814144888966167	219.45888879128242	-1.0	1.0	4.0
15.043209631885738	226.29815602885984	-1.0	1.0	4.0
15.361003822105049	235.96043842272593	-1.0	1.0	4.0
15.567361101209062	242.34273165543703	-1.0	1.0	4.0
15.657539632663545	245.15854734842964	-1.0	1.0	4.0
15.798405029506373	249.58960147633226	-1.0	1.0	4.0
16.218535770440493	263.0409025370578	-1.0	1.0	4.0
16.243595819333372	263.8544051418646	-1.0	1.0	4.0
16.41904027224495	269.58488346160146	-1.0	1.0	4.0
16.51703198136545	272.81234547344906	-1.0	1.0	4.0
16.891595015146816	285.3259821557328	-1.0	1.0	4.0
17.11942064728426	293.07456329866267	-1.0	1.0	4.0
17.202761386250977	295.93499931228763	-1.0	1.0	4.0
17.546447695034747	307.8778267145902	-1.0	1.0	4.0
17.688814709151206	312.8941658146841	-1.0	1.0	4.0
17.80146223028699	316.8920575363343	-1.0	1.0	4.0
18.139487575964054	329.0410095185543	-1.0	1.0	4.0
18.224308780740408	332.12543053577195	-1.0	1.0	4.0
18.676160872933977	348.79898495171	-1.0	1.0	4.0
18.907221935471913	357.48304131719027	-1.0	1.0	4.0
19.279399368438796	371.69524000775823	-1.0	1.0	4.0
19.532771135758104	381.5291482419049	-1.0	1.0	4.0
-0.618802787257529	0.3829168895176867	-1.5	2.25	5.0
-0.4990676909857541	0.24906856018585213	-1.5	2.25	5.0
-0.24761412763982094	0.061312756206829536	-1.5	2.25	5.0
-0.12523388482820152	0.015683525909163245	-1.5	2.25	5.0
2.4868995751603507e-14	6.184669496932733e-28	-1.5	2.25	5.0
12.863141641175805	165.46041288095097	-1.5	2.25	5.0
13.128701863154001	172.36281261158334	-1.5	2.25	5.0
13.651161760544083	186.35421741254103	-1.5	2.25	5.0
14.101156691740803	198.84262004502642	-1.5	2.25	5.0
14.595799415251442	213.03736057025432	-1.5	2.25	5.0
14.613439160069172	213.55260408504319	-1.5	2.25	5.0
14.996123718887738	224.8837265921874	-1.5	2.25	5.0
15.456102929348434	238.89111776261325	-1.5	2.25	5.0
15.71383556809174	246.92462826102508	-1.5	2.25	5.0
15.999999999999996	255.9999999999999	-1.5	2.25	5.0
16.06097662322846	257.954970091891	-1.5	2.25	5.0
16.30941565728515	265.997039082098	-1.5	2.25	5.0
16.65789651815599	277.48551640959346	-1.5	2.25	5.0
17.136636958663978	293.66432625304816	-1.5	2.25	5.0
17.425015213351774	303.63115518554076	-1.5	2.25	5.0
17.626546183697343	310.69513036601535	-1.5	2.25	5.0
18.022435690520126	324.80818821893365	-1.5	2.25	5.0
18.400661667759646	338.58434981135923	-1.5	2.25	5.0
19.154099337447313	366.8795214287996	-1.5	2.25	5.0
19.57757189233831	383.281321199675	-1.5	2.25	5.0
13.314456067329209	177.2747403688396	-2.0	4.0	6.0
15.665096014626577	245.39523314746947	-2.0	4.0	6.0
16.0	256.0	-2.0	4.0	6.0
17.271330370297708	298.298852759968	-2.0	4.0	6.0
17.749117547746526	315.0311737237236	-2.0	4.0	6.0
-3.0204479180442223	9.123105625617677	1.0	1.0	2.0
-2.6855439326707886	7.212146214304886	1.0	1.0	2.0
-1.4142135623730918	1.999999999999991	1.0	1.0	2.0
-0.9364263849242729	0.8768943743823425	1.0	1.0	2.0
-0.3349039853734246	0.11216067941900298	1.0	1.0	2.0
0.9364263849242724	0.8768943743823416	1.0	1.0	2.0
1.2713303702976988	1.6162809104412839	1.0	1.0	2.0
1.4142135623730951	2.0000000000000004	1.0	1.0	2.0
1.7491175477465217	3.0594121958348057	1.0	1.0	2.0
3.020447918044219	9.123105625617658	1.0	1.0	2.0
-4.071791252399	16.579484003113013	0.5	0.25	3.0
-3.5327504689521265	12.48032587588147	0.5	0.25	3.0
-3.020447918044213	9.12310562561762	0.5	0.25	3.0
-2.321737022342517	5.390462800915897	0.5	0.25	3.0
-2.265424536790686	5.132148331893294	0.5	0.25	3.0
-1.8144495172932156	3.292227050805583	0.5	0.25	3.0
-1.749117547746521	3.0594121958348035	0.5	0.25	3.0
-1.5701440967965823	2.4653524847051553	0.5	0.25	3.0
-1.5501949607417957	2.4031044163092576	0.5	0.25	3.0
-1.4142135623730954	2.000000000000001	0.5	0.25	3.0
-1.2713303702976995	1.6162809104412856	0.5	0.25	3.0
-1.0488660331149111	1.1001199554222099	0.5	0.25	3.0
-0.936426384924272	0.8768943743823409	0.5	0.25	3.0
-0.5470822917842448	0.2992990339839016	0.5	0.25	3.0
-0.23107801051403376	0.053397046943123895	0.5	0.25	3.0
0.25203425748641983	0.06352126694673098	0.5	0.25	3.0
0.3349039853734226	0.11216067941900165	0.5	0.25	3.0
0.4691042382265076	0.220058786322072	0.5	0.25	3.0
0.8062146441374196	0.6499820524216261	0.5	0.25	3.0
0.8973333761455562	0.8052071879447822	0.5	0.25	3.0
0.9364263849242676	0.8768943743823325	0.5	0.25	3.0
1.1579126028796782	1.3407615959075914	0.5	0.25	3.0
1.4142135623730967	2.000000000000005	0.5	0.25	3.0
1.6747363315780328	2.8047417803074466	0.5	0.25	3.0
1.7583045373576862	3.091634846092627	0.5	0.25	3.0
2.343335853389261	5.491222921779577	0.5	0.25	3.0
2.525300748461058	6.377143870177981	0.5	0.25	3.0
2.6855439326707895	7.21214621430489	0.5	0.25	3.0
2.780698522616124	7.732284273679494	0.5	0.25	3.0
3.0204479180442156	9.123105625617637	0.5	0.25	3.0
13.424951926408843	180.22933422638852	0.5	0.25	3.0
13.63220324904015	185.83696542314084	0.5	0.25	3.0
13.851223349780481	191.856388285504	0.5	0.25	3.0
14.14660368390704	200.12639578953224	0.5	0.25	3.0
15.230266850085167	231.96102832480315	0.5	0.25	3.0
15.466065575062215	239.19918437212453	0.5	0.25	3.0
15.626799726508336	244.196869692401	0.5	0.25	3.0
15.857876610567475	251.47225059598298	0.5	0.25	3.0
16.088201402810284	258.8302243773868	0.5	0.25	3.0
16.202580998622672	262.52363101692845	0.5	0.25	3.0
16.299113193567408	265.6610908967231	0.5	0.25	3.0
16.349160208605298	267.2950395266428	0.5	0.25	3.0
16.797742256486465	282.164144915351	0.5	0.25	3.0
17.27817755030287	298.53541945979015	0.5	0.25	3.0
17.420124433203355	303.46073526828854	0.5	0.25	3.0
17.66618724837155	312.0941718945256	0.5	0.25	3.0
17.87642018197011	319.5663985223483	0.5	0.25	3.0
18.087846800583478	327.1702018813779	0.5	0.25	3.0
18.37299660094091	337.56700409818615	0.5	0.25	3.0
18.614001231627363	346.481041851025	0.5	0.25	3.0
-3.106317088306485	9.64920585310488	0.0	0.0	4.0
-3.0965706604437706	9.58874985512117	0.0	0.0	4.0
-2.2806517650160747	5.201372473270937	0.0	0.0	4.0
-2.2117257597376576	4.891730836287119	0.0	0.0	4.0
-1.9569176208290937	3.8295265747114007	0.0	0.0	4.0
-1.9388137537166878	3.7589987716009934	0.0	0.0	4.0
-1.7491175477465195	3.0594121958347977	0.0	0.0	4.0
-1.7448146866276297	3.0443782906714736	0.0	0.0	4.0
-1.455424576558352	2.118260698050058	0.0	0.0	4.0
-1.2713303702976944	1.6162809104412728	0.0	0.0	4.0
-1.2388972988146771	1.5348665170103035	0.0	0.0	4.0
-1.0406261061907274	1.082902692885675	0.0	0.0	4.0
-0.479597799816585	0.23001404958890914	0.0	0.0	4.0
-0.4422419184621531	0.19557791444508568	0.0	0.0	4.0
-0.3714943102659527	0.13800802255997593	0.0	0.0	4.0
-0.30243255778486366	0.0914654520082949	0.0	0.0	4.0
-0.1729527586593096	0.02991265672786539	0.0	0.0	4.0
-4.440892098500626e-16	1.9721522630525295e-31	0.0	0.0	4.0
0.05204268650135768	0.0027084412182785973	0.0	0.0	4.0
0.33490398537343236	0.11216067941900819	0.0	0.0	4.0
0.4869799793500822	0.2371495002878065	0.0	0.0	4.0
0.5290635921339031	0.27990828452162897	0.0	0.0	4.0
1.08242876277045	1.1716520264727672	0.0	0.0	4.0
1.1276093456901255	1.271502836487713	0.0	0.0	4.0
1.4946093406361398	2.233857081116797	0.0	0.0	4.0
1.5878016669525201	2.5211141335772016	0.0	0.0	4.0
2.0264811486393213	4.106625845790543	0.0	0.0	4.0
2.198432921877551	4.833107311995067	0.0	0.0	4.0
2.5183523993672803	6.342098807398938	0.0	0.0	4.0
2.6855439326708006	7.2121462143049495	0.0	0.0	4.0
12.06189328100452	145.489269522342	0.0	0.0	4.0
12.448825374506017	154.97325320494485	0.0	0.0	4.0
12.947683438944471	167.64250643511693	0.0	0.0	4.0
12.989807409365108	168.73509653239665	0.0	0.0	4.0
13.078532011604759	171.04799957857043	0.0	0.0	4.0
13.431990042205522	180.41835649390828	0.0	0.0	4.0
13.482486728700954	181.77744838959734	0.0	0.0	4.0
13.532704993358196	183.13410443726187	0.0	0.0	4.0
13.780680087037096	189.90714366126073	0.0	0.0	4.0
13.878846219887985	192.622372395299	0.0	0.0	4.0
14.182646973273235	201.14747516849644	0.0	0.0	4.0
14.195731652226488	201.518797142025	0.0	0.0	4.0
14.234472598927097	202.62021016960634	0.0	0.0	4.0
14.236103090008175	202.6666311893403	0.0	0.0	4.0
14.58488536164901	212.71888101244355	0.0	0.0	4.0
14.587849949097698	212.8053661373897	0.0	0.0	4.0
14.814144888966158	219.45888879128213	0.0	0.0	4.0
14.815024021624831	219.48493676132077	0.0	0.0	4.0
14.88031434109447	221.42375488978175	0.0	0.0	4.0
15.043209631885754	226.29815602886032	0.0	0.0	4.0
15.361003822105042	235.9604384227257	0.0	0.0	4.0
15.520971446140303	240.9005546319026	0.0	0.0	4.0
15.567361101209046	242.34273165543652	0.0	0.0	4.0
15.57080910031838	242.4500960385577	0.0	0.0	4.0
15.65753963266353	245.1585473484292	0.0	0.0	4.0
15.67988184906073	245.8586948005041	0.0	0.0	4.0
15.78766303075464	249.25030397265678	0.0	0.0	4.0
15.798405029506386	249.58960147633266	0.0	0.0	4.0
15.830556290440159	250.60651246479446	0.0	0.0	4.0
16.078801383370227	258.5278539258683	0.0	0.0	4.0
16.218535770440496	263.0409025370579	0.0	0.0	4.0
16.243595819333347	263.85440514186377	0.0	0.0	4.0
16.41904027224493	269.5848834616009	0.0	0.0	4.0
16.517031981365445	272.81234547344894	0.0	0.0	4.0
16.532301070045115	273.31697867061484	0.0	0.0	4.0
16.68937070313729	278.53509446673723	0.0	0.0	4.0
16.804174817589097	282.38029130009556	0.0	0.0	4.0
16.89159501514681	285.3259821557325	0.0	0.0	4.0
16.961498714459253	287.6924386406029	0.0	0.0	4.0
17.11942064728425	293.0745632986623	0.0	0.0	4.0
17.155592063756835	294.3143390580365	0.0	0.0	4.0
17.191369478239604	295.5431845373482	0.0	0.0	4.0
17.20276138625096	295.934999312287	0.0	0.0	4.0
17.546447695034743	307.87782671459007	0.0	0.0	4.0
17.63678173110497	311.0560698306381	0.0	0.0	4.0
17.68881470915121	312.8941658146842	0.0	0.0	4.0
17.801462230286983	316.892057536334	0.0	0.0	4.0
17.82218477753421	317.63027024457216	0.0	0.0	4.0
17.900692744936823	320.4348007486338	0.0	0.0	4.0
17.984102597257763	323.42794622869343	0.0	0.0	4.0
18.139487575964054	329.0410095185543	0.0	0.0	4.0
18.22430878074039	332.1254305357713	0.0	0.0	4.0
18.412293124228782	339.0125380925225	0.0	0.0	4.0
18.676160872933963	348.7989849517095	0.0	0.0	4.0
18.75417973406085	351.7192574974586	0.0	0.0	4.0
18.907221935471895	357.4830413171896	0.0	0.0	4.0
18.963858885412332	359.62794382583223	0.0	0.0	4.0
19.092040468505477	364.50600925105084	0.0	0.0	4.0
19.279399368438785	371.69524000775783	0.0	0.0	4.0
19.532771135758104	381.5291482419049	0.0	0.0	4.0
32.1299734677113	1032.3351950358322	0.0	0.0	4.0
32.20046429176324	1036.8699006051195	0.0	0.0	4.0
32.24576031251021	1039.7890581318584	0.0	0.0	4.0
32.299517780668076	1043.2588488636932	0.0	0.0	4.0
32.366066119886185	1047.5622360768443	0.0	0.0	4.0
32.37652576723224	1048.2394207562531	0.0	0.0	4.0
32.54650785569263	1059.2751736006621	0.0	0.0	4.0
32.61484707397856	1063.7282496590078	0.0	0.0	4.0
32.632218096216015	1064.861657879008	0.0	0.0	4.0
32.954475164602066	1085.9974333743744	0.0	0.0	4.0
-0.85404425326319	0.7293915865318799	-0.5	0.25	5.0
-0.6211855369869586	0.3858714713617761	-0.5	0.25	5.0
-0.6188027872574885	0.3829168895176366	-0.5	0.25	5.0
-0.6180618962123877	0.3820005075496523	-0.5	0.25	5.0
-0.49906769098579307	0.24906856018589105	-0.5	0.25	5.0
-0.4978019990053031	0.24780683021367578	-0.5	0.25	5.0
-0.37311797806282954	0.13921702555369414	-0.5	0.25	5.0
-0.24761412763982094	0.061312756206829536	-0.5	0.25	5.0
-0.1252338848282193	0.015683525909167693	-0.5	0.25	5.0
-1.4210854715202004e-14	2.0194839173657902e-28	-0.5	0.25	5.0
12.425731453814581	154.39880216231703	-0.5	0.25	5.0
12.558659512142885	157.71992874193697	-0.5	0.25	5.0
12.863141641175805	165.46041288095097	-0.5	0.25	5.0
12.983936327263745	168.58260255043913	-0.5	0.25	5.0
13.099531720277081	171.59773129054543	-0.5	0.25	5.0
13.128701863154017	172.36281261158376	-0.5	0.25	5.0
13.340758532054675	177.97583821058961	-0.5	0.25	5.0
13.391736795925233	179.33861441133783	-0.5	0.25	5.0
13.651161760544074	186.35421741254078	-0.5	0.25	5.0
13.702935134837954	187.77043130957645	-0.5	0.25	5.0
13.744898002726604	188.92222110535778	-0.5	0.25	5.0
14.101156691740798	198.84262004502628	-0.5	0.25	5.0
14.257773578822398	203.28410742496607	-0.5	0.25	5.0
14.321330750789041	205.1005144734958	-0.5	0.25	5.0
14.358670017656497	206.17140467594763	-0.5	0.25	5.0
14.514155905658605	210.66072165376454	-0.5	0.25	5.0
14.595799415251456	213.03736057025475	-0.5	0.25	5.0
14.613439160069188	213.55260408504364	-0.5	0.25	5.0
14.625815745220729	213.91448621314657	-0.5	0.25	5.0
14.872287738137302	221.18494256594917	-0.5	0.25	5.0
14.996123718887723	224.88372659218697	-0.5	0.25	5.0
15.374162150140005	236.36486181879755	-0.5	0.25	5.0
15.453931645402001	238.8240033007574	-0.5	0.25	5.0
15.456102929348436	238.8911177626133	-0.5	0.25	5.0
15.48941669487128	239.92202954735714	-0.5	0.25	5.0
15.522541199316919	240.94928528449114	-0.5	0.25	5.0
15.58139436677364	242.77985041292533	-0.5	0.25	5.0
15.713835568091739	246.92462826102502	-0.5	0.25	5.0
15.846801410527473	251.1211149446955	-0.5	0.25	5.0
15.901212804025747	252.84856863891235	-0.5	0.25	5.0
16.000000000000004	256.0000000000001	-0.5	0.25	5.0
16.01304072676475	256.4174733170266	-0.5	0.25	5.0
16.06097662322845	257.9549700918907	-0.5	0.25	5.0
16.224641839218435	263.2390028109174	-0.5	0.25	5.0
16.2305968974361	263.4322756470624	-0.5	0.25	5.0
16.30941565728517	265.9970390820987	-0.5	0.25	5.0
16.41473009963832	269.4433642439722	-0.5	0.25	5.0
16.46286845029089	271.0260376115832	-0.5	0.25	5.0
16.65789651815597	277.4855164095928	-0.5	0.25	5.0
16.85479352079475	284.0840646286247	-0.5	0.25	5.0
17.12432357320215	293.2424578397269	-0.5	0.25	5.0
17.136636958663992	293.66432625304867	-0.5	0.25	5.0
17.163944528664203	294.60099178306183	-0.5	0.25	5.0
17.38206952525376	302.1363409807554	-0.5	0.25	5.0
17.40020389400371	302.7670955529019	-0.5	0.25	5.0
17.425015213351784	303.6311551855411	-0.5	0.25	5.0
17.468630430863875	305.1530491301034	-0.5	0.25	5.0
17.62654618369735	310.69513036601563	-0.5	0.25	5.0
17.763872485443308	315.5551656790898	-0.5	0.25	5.0
17.885231478012642	319.8815050220943	-0.5	0.25	5.0
18.022435690520126	324.80818821893365	-0.5	0.25	5.0
18.206149375409385	331.46387507971957	-0.5	0.25	5.0
18.237808850982983	332.61767168499324	-0.5	0.25	5.0
18.40066166775966	338.58434981135974	-0.5	0.25	5.0
18.694379786934782	349.47983561815573	-0.5	0.25	5.0
18.794094289220283	353.2179801521024	-0.5	0.25	5.0
19.062655900856825	363.38484999447155	-0.5	0.25	5.0
19.154099337447327	366.87952142880016	-0.5	0.25	5.0
19.303969878185853	372.64325305790675	-0.5	0.25	5.0
19.577571892338312	383.2813211996751	-0.5	0.25	5.0
29.688412945973766	881.4018632506627	-0.5	0.25	5.0
29.933597478728366	896.0202580185332	-0.5	0.25	5.0
29.984679906498098	899.0810290951508	-0.5	0.25	5.0
30.137716974766427	908.2819844511245	-0.5	0.25	5.0
30.331838352080254	920.0204178167265	-0.5	0.25	5.0
30.433906234638723	926.2226486987818	-0.5	0.25	5.0
31.08935147835985	966.5477753449957	-0.5	0.25	5.0
31.101940437821074	967.3306989977698	-0.5	0.25	5.0
31.273735166223027	978.0465112470548	-0.5	0.25	5.0
31.450836320887788	989.1551052832745	-0.5	0.25	5.0
31.494196092860065	991.8843875355221	-0.5	0.25	5.0
31.646861293481518	1001.5238297288587	-0.5	0.25	5.0
32.15487504573652	1033.935989206929	-0.5	0.25	5.0
32.28219029928449	1042.1398105192175	-0.5	0.25	5.0
32.326937507862866	1045.030888637271	-0.5	0.25	5.0
32.33335523126032	1045.4458605108691	-0.5	0.25	5.0
32.399668096799395	1049.7384927827607	-0.5	0.25	5.0
32.49706895825653	1056.05949087768	-0.5	0.25	5.0
32.63632511040376	1065.129716711971	-0.5	0.25	5.0
32.896934960145266	1082.2083297720278	-0.5	0.25	5.0
33.05431366879274	1092.5876521149385	-0.5	0.25	5.0
33.15900223565323	1099.519429264056	-0.5	0.25	5.0
33.410469600316645	1116.2594789136826	-0.5	0.25	5.0
33.77862297146399	1140.9953698483146	-0.5	0.25	5.0
34.12382823529485	1164.435653431906	-0.5	0.25	5.0
34.37244955956831	1181.4652887250677	-0.5	0.25	5.0
34.58544650334556	1196.1531098357775	-0.5	0.25	5.0
34.65364662418651	1200.875224353993	-0.5	0.25	5.0
34.7812950886328	1209.7384880425523	-0.5	0.25	5.0
34.895022266646336	1217.6625789897437	-0.5	0.25	5.0
13.133540507851926	172.48988627138743	-1.0	1.0	6.0
13.314456067329177	177.27474036883874	-1.0	1.0	6.0
13.316794988673033	177.33702877034722	-1.0	1.0	6.0
13.889089694037526	192.90681252901942	-1.0	1.0	6.0
14.367260952620471	206.4181872806929	-1.0	1.0	6.0
14.917247959272268	222.52428667841266	-1.0	1.0	6.0
15.381215403003731	236.58178727359922	-1.0	1.0	6.0
15.6062928269645	243.55637580096362	-1.0	1.0	6.0
15.659748325545262	245.22771761941766	-1.0	1.0	6.0
15.6650960146266	245.3952331474702	-1.0	1.0	6.0
15.842961232462292	250.9994206133031	-1.0	1.0	6.0
16.000000000000014	256.00000000000045	-1.0	1.0	6.0
16.502481537041845	272.331896880407	-1.0	1.0	6.0
17.004187164230366	289.14238111617675	-1.0	1.0	6.0
17.084593715677748	291.8833424297756	-1.0	1.0	6.0
17.27133037029772	298.2988527599683	-1.0	1.0	6.0
17.4958298758881	306.10406304601855	-1.0	1.0	6.0
17.540274457319647	307.66122803810003	-1.0	1.0	6.0
17.70854391130802	313.59252745872436	-1.0	1.0	6.0
17.749117547746522	315.0311737237235	-1.0	1.0	6.0
29.03003231824465	842.7427763983288	-1.0	1.0	6.0
29.040987768706067	843.3789705821354	-1.0	1.0	6.0
29.248426117279916	855.4704303379818	-1.0	1.0	6.0
29.884210466809716	893.0660352245794	-1.0	1.0	6.0
30.238799218105513	914.3849781528986	-1.0	1.0	6.0
30.257095490320044	915.4918275103455	-1.0	1.0	6.0
30.40447578296033	924.4321476366212	-1.0	1.0	6.0
30.637223601869763	938.6394700309656	-1.0	1.0	6.0
30.844840582818577	951.4041905794918	-1.0	1.0	6.0
31.055664170053547	964.4542770431476	-1.0	1.0	6.0
31.073897368643266	965.5870976769748	-1.0	1.0	6.0
31.30963590283834	980.2933003683037	-1.0	1.0	6.0
31.619289679342394	999.7794798261684	-1.0	1.0	6.0
31.757830124006365	1008.559774185246	-1.0	1.0	6.0
31.922824729313348	1019.0667386984599	-1.0	1.0	6.0
31.974752167172074	1022.3847761520752	-1.0	1.0	6.0
32.37344120729106	1048.0396956019308	-1.0	1.0	6.0
32.62596084047883	1064.4533207644583	-1.0	1.0	6.0
32.679213136694074	1067.9309712334784	-1.0	1.0	6.0
32.97946902521056	1087.645377184823	-1.0	1.0	6.0
33.0250220528305	1090.652081589941	-1.0	1.0	6.0
33.42857288144557	1117.469484890118	-1.0	1.0	6.0
33.63072178057556	1131.0254474824796	-1.0	1.0	6.0
33.95025319844071	1152.619692238234	-1.0	1.0	6.0
34.24059021437297	1172.418018228614	-1.0	1.0	6.0
34.64203379575909	1200.070505506515	-1.0	1.0	6.0
34.89135474162606	1217.4066357059912	-1.0	1.0	6.0
34.90410202608635	1218.2963382474452	-1.0	1.0	6.0
35.168026422949005	1236.7900824852393	-1.0	1.0	6.0
35.711190635859055	1275.2891366306674	-1.0	1.0	6.0
28.979552081955788	839.8144388707881	-1.5	2.25	7.0
29.314456067329207	859.3373345233741	-1.5	2.25	7.0
30.58578643762692	935.4903320081228	-1.5	2.25	7.0
31.063573615075732	964.9456057392292	-1.5	2.25	7.0
31.665096014626574	1002.6783056155198	-1.5	2.25	7.0
32.93642638492428	1084.8081830095364	-1.5	2.25	7.0
33.271330370297704	1106.9814246094943	-1.5	2.25	7.0
33.41421356237311	1116.5096679918788	-1.5	2.25	7.0
33.74911754774652	1139.0029352516121	-1.5	2.25	7.0
35.02044791804423	1226.4317723804486	-1.5	2.25	7.0
-3.0204479180442125	9.123105625617619	1.5	2.25	3.0
-1.749117547746522	3.0594121958348066	1.5	2.25	3.0
-1.4142135623730998	2.0000000000000133	1.5	2.25	3.0
-1.2713303702976977	1.6162809104412812	1.5	2.25	3.0
-0.936426384924272	0.8768943743823409	1.5	2.25	3.0
0.3349039853734259	0.11216067941900389	1.5	2.25	3.0
0.9364263849242707	0.8768943743823383	1.5	2.25	3.0
1.4142135623730956	2.0000000000000013	1.5	2.25	3.0
2.685543932670787	7.212146214304876	1.5	2.25	3.0
3.020447918044219	9.123105625617658	1.5	2.25	3.0
-3.10631708830649	9.64920585310491	1.0	1.0	4.0
-2.211725759737657	4.891730836287117	1.0	1.0	4.0
-1.9388137537166976	3.7589987716010316	1.0	1.0	4.0
-1.7491175477465062	3.0594121958347515	1.0	1.0	4.0
-1.744814686627672	3.044378290671621	1.0	1.0	4.0
-1.4554245765583538	2.1182606980500633	1.0	1.0	4.0
-1.2713303702976795	1.6162809104412348	1.0	1.0	4.0
-1.0406261061907394	1.0829026928857	1.0	1.0	4.0
-0.3714943102659767	0.13800802255999375	1.0	1.0	4.0
-0.3024325577848792	0.0914654520083043	1.0	1.0	4.0
-0.17295275865933846	0.029912656727875374	1.0	1.0	4.0
1.0658141036401503e-14	1.135959703518257e-28	1.0	1.0	4.0
0.05204268650135546	0.002708441218278366	1.0	1.0	4.0
0.3349039853734439	0.11216067941901593	1.0	1.0	4.0
0.5290635921339053	0.2799082845216313	1.0	1.0	4.0
1.0824287627704408	1.171652026472747	1.0	1.0	4.0
1.5878016669525223	2.5211141335772087	1.0	1.0	4.0
2.1984329218775507	4.8331073119950645	1.0	1.0	4.0
2.5183523993672807	6.34209880739894	1.0	1.0	4.0
2.685543932670811	7.212146214305005	1.0	1.0	4.0
12.989807409365117	168.73509653239688	1.0	1.0	4.0
13.07853201160477	171.0479995785707	1.0	1.0	4.0
13.431990042205529	180.41835649390848	1.0	1.0	4.0
13.482486728700962	181.77744838959757	1.0	1.0	4.0
13.780680087037098	189.9071436612608	1.0	1.0	4.0
14.182646973273231	201.14747516849633	1.0	1.0	4.0
14.195731652226506	201.51879714202548	1.0	1.0	4.0
14.584885361649002	212.71888101244335	1.0	1.0	4.0
14.814144888966169	219.45888879128248	1.0	1.0	4.0
15.043209631885738	226.29815602885984	1.0	1.0	4.0
15.361003822105047	235.96043842272587	1.0	1.0	4.0
15.567361101209059	242.34273165543692	1.0	1.0	4.0
15.657539632663545	245.15854734842964	1.0	1.0	4.0
15.798405029506382	249.58960147633255	1.0	1.0	4.0
16.218535770440482	263.04090253705743	1.0	1.0	4.0
16.243595819333365	263.8544051418644	1.0	1.0	4.0
16.41904027224495	269.58488346160146	1.0	1.0	4.0
16.51703198136545	272.81234547344906	1.0	1.0	4.0
16.891595015146812	285.3259821557326	1.0	1.0	4.0
17.119420647284272	293.07456329866307	1.0	1.0	4.0
17.202761386250973	295.9349993122875	1.0	1.0	4.0
17.546447695034747	307.8778267145902	1.0	1.0	4.0
17.68881470915121	312.8941658146842	1.0	1.0	4.0
17.80146223028699	316.8920575363343	1.0	1.0	4.0
18.139487575964054	329.0410095185543	1.0	1.0	4.0
18.224308780740408	332.12543053577195	1.0	1.0	4.0
18.67616087293398	348.79898495171017	1.0	1.0	4.0
18.907221935471917	357.4830413171904	1.0	1.0	4.0
19.279399368438796	371.69524000775823	1.0	1.0	4.0
19.532771135758104	381.5291482419049	1.0	1.0	4.0
-0.8540442532631829	0.7293915865318676	0.5	0.25	5.0
-0.6211855369869584	0.3858714713617759	0.5	0.25	5.0
-0.6188027872575086	0.38291688951766145	0.5	0.25	5.0
-0.6180618962123379	0.3820005075495907	0.5	0.25	5.0
-0.4990676909857899	0.24906856018588788	0.5	0.25	5.0
-0.4978019990053206	0.24780683021369318	0.5	0.25	5.0
-0.37311797806282243	0.13921702555368884	0.5	0.25	5.0
-0.24761412763982094	0.061312756206829536	0.5	0.25	5.0
-0.12523388482818376	0.015683525909158794	0.5	0.25	5.0
0.0	0.0	0.5	0.25	5.0
12.425731453814592	154.39880216231728	0.5	0.25	5.0
12.558659512142896	157.71992874193722	0.5	0.25	5.0
12.863141641175805	165.46041288095097	0.5	0.25	5.0
12.983936327263745	168.58260255043913	0.5	0.25	5.0
13.099531720277092	171.5977312905457	0.5	0.25	5.0
13.128701863154006	172.36281261158348	0.5	0.25	5.0
13.340758532054661	177.97583821058922	0.5	0.25	5.0
13.39173679592523	179.33861441133774	0.5	0.25	5.0
13.651161760544067	186.35421741254058	0.5	0.25	5.0
13.70293513483795	187.77043130957637	0.5	0.25	5.0
13.744898002726607	188.9222211053579	0.5	0.25	5.0
14.101156691740798	198.84262004502628	0.5	0.25	5.0
14.257773578822391	203.28410742496587	0.5	0.25	5.0
14.321330750789055	205.10051447349622	0.5	0.25	5.0
14.358670017656497	206.17140467594763	0.5	0.25	5.0
14.514155905658608	210.66072165376465	0.5	0.25	5.0
14.595799415251443	213.03736057025438	0.5	0.25	5.0
14.613439160069188	213.55260408504364	0.5	0.25	5.0
14.625815745220725	213.9144862131465	0.5	0.25	5.0
14.872287738137302	221.18494256594917	0.5	0.25	5.0
14.996123718887734	224.8837265921873	0.5	0.25	5.0
15.374162150140016	236.3648618187979	0.5	0.25	5.0
15.453931645402008	238.82400330075762	0.5	0.25	5.0
15.456102929348438	238.89111776261336	0.5	0.25	5.0
15.489416694871277	239.92202954735706	0.5	0.25	5.0
15.522541199316922	240.94928528449125	0.5	0.25	5.0
15.581394366773655	242.77985041292578	0.5	0.25	5.0
15.713835568091739	246.92462826102502	0.5	0.25	5.0
15.84680141052748	251.12111494469573	0.5	0.25	5.0
15.901212804025736	252.848568638912	0.5	0.25	5.0
16.00000000000002	256.0000000000007	0.5	0.25	5.0
16.013040726764743	256.41747331702635	0.5	0.25	5.0
16.060976623228477	257.9549700918916	0.5	0.25	5.0
16.224641839218418	263.2390028109168	0.5	0.25	5.0
16.230596897436104	263.4322756470625	0.5	0.25	5.0
16.309415657285154	265.9970390820981	0.5	0.25	5.0
16.414730099638323	269.4433642439723	0.5	0.25	5.0
16.46286845029088	271.02603761158286	0.5	0.25	5.0
16.657896518155987	277.48551640959334	0.5	0.25	5.0
16.854793520794747	284.08406462862456	0.5	0.25	5.0
17.12432357320217	293.2424578397275	0.5	0.25	5.0
17.13663695866398	293.66432625304833	0.5	0.25	5.0
17.163944528664203	294.60099178306183	0.5	0.25	5.0
17.382069525253755	302.1363409807553	0.5	0.25	5.0
17.40020389400371	302.7670955529019	0.5	0.25	5.0
17.425015213351767	303.63115518554054	0.5	0.25	5.0
17.468630430863875	305.1530491301034	0.5	0.25	5.0
17.626546183697343	310.69513036601535	0.5	0.25	5.0
17.76387248544331	315.55516567908995	0.5	0.25	5.0
17.885231478012642	319.8815050220943	0.5	0.25	5.0
18.022435690520123	324.80818821893354	0.5	0.25	5.0
18.206149375409417	331.4638750797207	0.5	0.25	5.0
18.237808850982976	332.61767168499296	0.5	0.25	5.0
18.400661667759653	338.58434981135946	0.5	0.25	5.0
18.694379786934768	349.4798356181552	0.5	0.25	5.0
18.794094289220276	353.2179801521022	0.5	0.25	5.0
19.062655900856825	363.38484999447155	0.5	0.25	5.0
19.15409933744733	366.8795214288003	0.5	0.25	5.0
19.30396987818584	372.6432530579062	0.5	0.25	5.0
19.577571892338312	383.2813211996751	0.5	0.25	5.0
29.688412945973763	881.4018632506625	0.5	0.25	5.0
29.933597478728366	896.0202580185332	0.5	0.25	5.0
29.984679906498098	899.0810290951508	0.5	0.25	5.0
30.137716974766427	908.2819844511245	0.5	0.25	5.0
30.331838352080243	920.020417816726	0.5	0.25	5.0
30.433906234638727	926.222648698782	0.5	0.25	5.0
31.089351478359834	966.5477753449948	0.5	0.25	5.0
31.101940437821078	967.33069899777	0.5	0.25	5.0
31.27373516622303	978.046511247055	0.5	0.25	5.0
31.450836320887795	989.1551052832749	0.5	0.25	5.0
31.494196092860065	991.8843875355221	0.5	0.25	5.0
31.646861293481514	1001.5238297288585	0.5	0.25	5.0
32.15487504573651	1033.9359892069285	0.5	0.25	5.0
32.28219029928449	1042.1398105192175	0.5	0.25	5.0
32.32693750786285	1045.03088863727	0.5	0.25	5.0
32.33335523126033	1045.4458605108696	0.5	0.25	5.0
32.399668096799374	1049.738492782759	0.5	0.25	5.0
32.49706895825653	1056.05949087768	0.5	0.25	5.0
32.636325110403774	1065.129716711972	0.5	0.25	5.0
32.89693496014526	1082.2083297720274	0.5	0.25	5.0
33.05431366879274	1092.5876521149385	0.5	0.25	5.0
33.15900223565323	1099.519429264056	0.5	0.25	5.0
33.41046960031664	1116.2594789136822	0.5	0.25	5.0
33.77862297146399	1140.9953698483146	0.5	0.25	5.0
34.123828235294866	1164.4356534319072	0.5	0.25	5.0
34.37244955956831	1181.4652887250677	0.5	0.25	5.0
34.58544650334557	1196.1531098357784	0.5	0.25	5.0
34.65364662418651	1200.875224353993	0.5	0.25	5.0
34.78129508863281	1209.7384880425527	0.5	0.25	5.0
34.89502226664631	1217.6625789897416	0.5	0.25	5.0
13.13354050785192	172.4898862713873	0.0	0.0	6.0
13.141697651323955	172.70421715881358	0.0	0.0	6.0
13.31445606732921	177.27474036883962	0.0	0.0	6.0
13.316794988673069	177.33702877034816	0.0	0.0	6.0
13.764336005909383	189.45694568357348	0.0	0.0	6.0
13.889089694037533	192.90681252901962	0.0	0.0	6.0
14.367260952620478	206.4181872806931	0.0	0.0	6.0
14.423376582353429	208.03379203638127	0.0	0.0	6.0
14.90661816925653	222.2072652440089	0.0	0.0	6.0
14.917247959272272	222.52428667841275	0.0	0.0	6.0
15.381215403003743	236.58178727359962	0.0	0.0	6.0
15.504886122648783	240.4014936763068	0.0	0.0	6.0
15.508086610067883	240.50075030536675	0.0	0.0	6.0
15.606292826964516	243.5563758009641	0.0	0.0	6.0
15.659748325545268	245.2277176194178	0.0	0.0	6.0
15.665096014626581	245.39523314746958	0.0	0.0	6.0
15.84296123246228	250.9994206133027	0.0	0.0	6.0
16.000000000000004	256.0000000000001	0.0	0.0	6.0
16.37062914265124	267.99749852622205	0.0	0.0	6.0
16.50248153704183	272.33189688040653	0.0	0.0	6.0
16.77538481183152	281.4135355850276	0.0	0.0	6.0
17.004187164230366	289.14238111617675	0.0	0.0	6.0
17.084593715677777	291.8833424297766	0.0	0.0	6.0
17.271330370297697	298.2988527599676	0.0	0.0	6.0
17.405644684990033	302.95646690012177	0.0	0.0	6.0
17.495829875888084	306.10406304601804	0.0	0.0	6.0
17.54027445731967	307.6612280381008	0.0	0.0	6.0
17.6665291212707	312.10625119270566	0.0	0.0	6.0
17.70854391130802	313.59252745872436	0.0	0.0	6.0
17.74911754774653	315.0311737237238	0.0	0.0	6.0
28.54714002613133	814.9392036715495	0.0	0.0	6.0
29.030032318244672	842.7427763983301	0.0	0.0	6.0
29.040987768706064	843.3789705821351	0.0	0.0	6.0
29.13150039596939	848.6443153203647	0.0	0.0	6.0
29.188912451246743	851.9926100865472	0.0	0.0	6.0
29.248426117279934	855.470430337983	0.0	0.0	6.0
29.616062783209145	877.1111747789859	0.0	0.0	6.0
29.884210466809712	893.0660352245792	0.0	0.0	6.0
30.181589063981257	910.928318427033	0.0	0.0	6.0
30.22794830227415	913.7288585649587	0.0	0.0	6.0
30.238799218105513	914.3849781528986	0.0	0.0	6.0
30.256333065062424	915.4456905439897	0.0	0.0	6.0
30.257095490320037	915.491827510345	0.0	0.0	6.0
30.40447578296031	924.43214763662	0.0	0.0	6.0
30.637223601869753	938.6394700309651	0.0	0.0	6.0
30.644173802672423	939.0653880483949	0.0	0.0	6.0
30.811509535807375	949.3491198751487	0.0	0.0	6.0
30.8448405828186	951.4041905794932	0.0	0.0	6.0
30.909387721692468	955.3902493299131	0.0	0.0	6.0
31.037523076976395	963.3278387538422	0.0	0.0	6.0
31.05566417005355	964.4542770431478	0.0	0.0	6.0
31.07389736864328	965.5870976769758	0.0	0.0	6.0
31.231201672181452	975.3879578884695	0.0	0.0	6.0
31.309635902838323	980.2933003683025	0.0	0.0	6.0
31.498826358031256	992.1760619334045	0.0	0.0	6.0
31.585599137417795	997.6500728696477	0.0	0.0	6.0
31.619289679342405	999.7794798261691	0.0	0.0	6.0
31.6315159928923	1000.5528040086014	0.0	0.0	6.0
31.75783012400634	1008.5597741852446	0.0	0.0	6.0
31.914641754081696	1018.5443582913748	0.0	0.0	6.0
31.92282472931334	1019.0667386984594	0.0	0.0	6.0
31.974752167172078	1022.3847761520755	0.0	0.0	6.0
32.21024807183206	1037.500080848961	0.0	0.0	6.0
32.30579259683752	1043.6642353098819	0.0	0.0	6.0
32.37344120729105	1048.0396956019304	0.0	0.0	6.0
32.48905766441798	1055.5388679218765	0.0	0.0	6.0
32.62596084047883	1064.4533207644583	0.0	0.0	6.0
32.67921313669405	1067.930971233477	0.0	0.0	6.0
32.77215098045495	1074.0138798857345	0.0	0.0	6.0
32.879030285434105	1081.030632510493	0.0	0.0	6.0
32.97946902521054	1087.6453771848214	0.0	0.0	6.0
33.02502205283049	1090.65208158994	0.0	0.0	6.0
33.21193190326323	1103.0324207469937	0.0	0.0	6.0
33.42857288144558	1117.469484890119	0.0	0.0	6.0
33.63072178057556	1131.0254474824796	0.0	0.0	6.0
33.65202448353162	1132.4587518402116	0.0	0.0	6.0
33.90852375967484	1149.7879835604333	0.0	0.0	6.0
33.950253198440706	1152.6196922382333	0.0	0.0	6.0
34.07521680835554	1161.1204005364361	0.0	0.0	6.0
34.14800992161614	1166.0865816067947	0.0	0.0	6.0
34.24059021437298	1172.4180182286145	0.0	0.0	6.0
34.51908712875192	1191.5673762023664	0.0	0.0	6.0
34.6420337957591	1200.0705055065155	0.0	0.0	6.0
34.89135474162605	1217.4066357059908	0.0	0.0	6.0
34.90410202608631	1218.2963382474427	0.0	0.0	6.0
35.04720711226436	1228.3067263699536	0.0	0.0	6.0
35.115025623591656	1233.0650245454985	0.0	0.0	6.0
35.168026422949026	1236.7900824852409	0.0	0.0	6.0
35.24605728048228	1242.2845538190381	0.0	0.0	6.0
35.71119063585907	1275.2891366306685	0.0	0.0	6.0
48.12005110552439	2315.539318398279	0.0	0.0	6.0
48.19003414571803	2322.2793909654697	0.0	0.0	6.0
48.25632745149014	2328.6731391054404	0.0	0.0	6.0
48.27707353293721	2330.6758289046265	0.0	0.0	6.0
48.36756291932238	2339.4211427546093	0.0	0.0	6.0
48.38060382043874	2340.682826030252	0.0	0.0	6.0
48.583810338681516	2360.386627024977	0.0	0.0	6.0
48.61985755080954	2363.8905482610116	0.0	0.0	6.0
48.79763666232177	2381.20934382797	0.0	0.0	6.0
48.94662481031712	2395.7720803219513	0.0	0.0	6.0
28.733553175206612	825.617078072426	-0.5	0.25	7.0
28.979552081955784	839.8144388707879	-0.5	0.25	7.0
29.16361285529293	850.516314773407	-0.5	0.25	7.0
29.314456067329218	859.3373345233748	-0.5	0.25	7.0
29.439234561028183	866.6685315392363	-0.5	0.25	7.0
29.927055374867955	895.6286434104129	-0.5	0.25	7.0
29.982489560422422	898.9496802408396	-0.5	0.25	7.0
30.58578643762692	935.4903320081228	-0.5	0.25	7.0
30.58825994149927	935.641646248729	-0.5	0.25	7.0
30.58967452599522	935.728187606321	-0.5	0.25	7.0
31.036960662578043	963.2929271704169	-0.5	0.25	7.0
31.063573615075722	964.9456057392285	-0.5	0.25	7.0
31.161645770020804	971.0481670962555	-0.5	0.25	7.0
31.520286827767315	993.5284817047217	-0.5	0.25	7.0
31.665096014626574	1002.6783056155198	-0.5	0.25	7.0
31.841696171865678	1013.8936151014053	-0.5	0.25	7.0
32.157265936391305	1034.0897525037926	-0.5	0.25	7.0
32.73200243236514	1071.3839832323577	-0.5	0.25	7.0
32.93642638492426	1084.808183009535	-0.5	0.25	7.0
33.05459254770584	1092.6060884948504	-0.5	0.25	7.0
33.09387115464843	1095.2043080004717	-0.5	0.25	7.0
33.24472259741712	1105.2115805792166	-0.5	0.25	7.0
33.27133037029768	1106.981424609493	-0.5	0.25	7.0
33.41421356237307	1116.5096679918765	-0.5	0.25	7.0
33.56905025950823	1126.8811353253896	-0.5	0.25	7.0
33.664423917283514	1133.2934376825704	-0.5	0.25	7.0
33.74911754774652	1139.0029352516121	-0.5	0.25	7.0
34.844379148519124	1214.1307582457544	-0.5	0.25	7.0
35.01989757749787	1226.3932263384413	-0.5	0.25	7.0
35.020447918044226	1226.4317723804481	-0.5	0.25	7.0
45.98364384906604	2114.4955016377494	-0.5	0.25	7.0
46.234947856630406	2137.6704033053325	-0.5	0.25	7.0
46.38691434495515	2151.745822446206	-0.5	0.25	7.0
46.43669829527836	2156.3669485667083	-0.5	0.25	7.0
46.843810609218046	2194.342592392289	-0.5	0.25	7.0
46.98724688972608	2207.801370276073	-0.5	0.25	7.0
47.08053314685799	2216.5766013923935	-0.5	0.25	7.0
47.38717479942264	2245.544335471036	-0.5	0.25	7.0
48.07879621846081	2311.5706458162813	-0.5	0.25	7.0
48.197084955297434	2322.958998188158	-0.5	0.25	7.0
48.3020873778612	2333.0916450585382	-0.5	0.25	7.0
48.339537667730525	2336.7109019299382	-0.5	0.25	7.0
48.54808050387484	2356.916120610713	-0.5	0.25	7.0
48.68541564342612	2370.2696963731605	-0.5	0.25	7.0
49.04614754096985	2405.5245886105827	-0.5	0.25	7.0
49.13740252501618	2414.4843269054663	-0.5	0.25	7.0
50.6096606965657	2561.3377558215066	-0.5	0.25	7.0
50.65276198662227	2565.702296873406	-0.5	0.25	7.0
50.807788642813875	2581.4313867728465	-0.5	0.25	7.0
50.88959145232559	2589.7505181846095	-0.5	0.25	7.0
44.97955208195578	2023.1601054933726	-1.0	1.0	8.0
46.2508824522535	2139.1441276121705	-1.0	1.0	8.0
46.5857864376269	2170.2354980121827	-1.0	1.0	8.0
46.7286696297023	2183.5685653618625	-1.0	1.0	8.0
47.06357361507571	2214.979961421651	-1.0	1.0	8.0
48.33490398537344	2336.2629432752688	-1.0	1.0	8.0
48.936426384924275	2394.773827327113	-1.0	1.0	8.0
49.41421356237309	2441.764501987817	-1.0	1.0	8.0
50.68554393267081	2569.024363750703	-1.0	1.0	8.0
51.020447918044226	2603.0861057578636	-1.0	1.0	8.0
-1.7491175477465217	3.0594121958348057	2.0	4.0	4.0
-1.2713303702976977	1.6162809104412812	2.0	4.0	4.0
0.0	0.0	2.0	4.0	4.0
0.3349039853734259	0.11216067941900389	2.0	4.0	4.0
2.6855439326707833	7.212146214304856	2.0	4.0	4.0
-0.6188027872575255	0.3829168895176823	1.5	2.25	5.0
-0.49906769098575765	0.2490685601858557	1.5	2.25	5.0
-0.2476141276398245	0.06131275620683129	1.5	2.25	5.0
-0.12523388482820152	0.015683525909163245	1.5	2.25	5.0
3.197442310920451e-14	1.0223637331664313e-27	1.5	2.25	5.0
12.863141641175808	165.46041288095105	1.5	2.25	5.0
13.128701863154003	172.3628126115834	1.5	2.25	5.0
13.651161760544086	186.35421741254112	1.5	2.25	5.0
14.101156691740808	198.84262004502656	1.5	2.25	5.0
14.595799415251442	213.03736057025432	1.5	2.25	5.0
14.613439160069174	213.55260408504324	1.5	2.25	5.0
14.996123718887727	224.88372659218706	1.5	2.25	5.0
15.456102929348425	238.89111776261296	1.5	2.25	5.0
15.713835568091746	246.92462826102525	1.5	2.25	5.0
15.999999999999996	255.9999999999999	1.5	2.25	5.0
16.060976623228456	257.9549700918909	1.5	2.25	5.0
16.309415657285154	265.9970390820981	1.5	2.25	5.0
16.65789651815599	277.48551640959346	1.5	2.25	5.0
17.136636958663985	293.66432625304844	1.5	2.25	5.0
17.42501521335177	303.63115518554065	1.5	2.25	5.0
17.62654618369735	310.69513036601563	1.5	2.25	5.0
18.022435690520123	324.80818821893354	1.5	2.25	5.0
18.400661667759657	338.5843498113596	1.5	2.25	5.0
19.154099337447317	366.87952142879976	1.5	2.25	5.0
19.577571892338312	383.2813211996751	1.5	2.25	5.0
13.133540507851926	172.48988627138743	1.0	1.0	6.0
13.314456067329214	177.27474036883973	1.0	1.0	6.0
13.316794988673028	177.33702877034708	1.0	1.0	6.0
13.889089694037523	192.90681252901933	1.0	1.0	6.0
14.367260952620477	206.41818728069305	1.0	1.0	6.0
14.917247959272283	222.5242866784131	1.0	1.0	6.0
15.381215403003738	236.58178727359945	1.0	1.0	6.0
15.606292826964504	243.55637580096374	1.0	1.0	6.0
15.659748325545262	245.22771761941766	1.0	1.0	6.0
15.665096014626608	245.39523314747044	1.0	1.0	6.0
15.84296123246228	250.9994206133027	1.0	1.0	6.0
16.0	256.0	1.0	1.0	6.0
16.502481537041838	272.33189688040676	1.0	1.0	6.0
17.004187164230373	289.142381116177	1.0	1.0	6.0
17.084593715677762	291.88334242977606	1.0	1.0	6.0
17.27133037029769	298.29885275996736	1.0	1.0	6.0
17.495829875888077	306.1040630460178	1.0	1.0	6.0
17.54027445731967	307.6612280381008	1.0	1.0	6.0
17.708543911308034	313.5925274587249	1.0	1.0	6.0
17.74911754774653	315.0311737237238	1.0	1.0	6.0
29.03003231824465	842.7427763983288	1.0	1.0	6.0
29.040987768706064	843.3789705821351	1.0	1.0	6.0
29.248426117279912	855.4704303379817	1.0	1.0	6.0
29.884210466809698	893.0660352245783	1.0	1.0	6.0
30.238799218105513	914.3849781528986	1.0	1.0	6.0
30.25709549032003	915.4918275103447	1.0	1.0	6.0
30.404475782960326	924.4321476366209	1.0	1.0	6.0
30.63722360186975	938.6394700309648	1.0	1.0	6.0
30.844840582818584	951.4041905794923	1.0	1.0	6.0
31.055664170053547	964.4542770431476	1.0	1.0	6.0
31.07389736864326	965.5870976769744	1.0	1.0	6.0
31.30963590283835	980.2933003683044	1.0	1.0	6.0
31.619289679342387	999.779479826168	1.0	1.0	6.0
31.757830124006354	1008.5597741852454	1.0	1.0	6.0
31.922824729313337	1019.0667386984592	1.0	1.0	6.0
31.974752167172067	1022.3847761520748	1.0	1.0	6.0
32.37344120729105	1048.0396956019304	1.0	1.0	6.0
32.62596084047882	1064.4533207644572	1.0	1.0	6.0
32.67921313669406	1067.9309712334775	1.0	1.0	6.0
32.97946902521056	1087.645377184823	1.0	1.0	6.0
33.0250220528305	1090.652081589941	1.0	1.0	6.0
33.42857288144557	1117.469484890118	1.0	1.0	6.0
33.63072178057557	1131.02544748248	1.0	1.0	6.0
33.95025319844071	1152.619692238234	1.0	1.0	6.0
34.240590214372965	1172.4180182286136	1.0	1.0	6.0
34.64203379575908	1200.0705055065146	1.0	1.0	6.0
34.89135474162607	1217.406635705992	1.0	1.0	6.0
34.90410202608635	1218.2963382474452	1.0	1.0	6.0
35.16802642294901	1236.79008248524	1.0	1.0	6.0
35.711190635859055	1275.2891366306674	1.0	1.0	6.0
28.73355317520661	825.6170780724258	0.5	0.25	7.0
28.979552081955788	839.8144388707881	0.5	0.25	7.0
29.16361285529293	850.516314773407	0.5	0.25	7.0
29.31445606732922	859.337334523375	0.5	0.25	7.0
29.439234561028194	866.6685315392368	0.5	0.25	7.0
29.927055374867948	895.6286434104125	0.5	0.25	7.0
29.982489560422408	898.9496802408387	0.5	0.25	7.0
30.585786437626908	935.4903320081221	0.5	0.25	7.0
30.588259941499263	935.6416462487285	0.5	0.25	7.0
30.58967452599521	935.7281876063203	0.5	0.25	7.0
31.036960662578053	963.2929271704176	0.5	0.25	7.0
31.063573615075743	964.9456057392299	0.5	0.25	7.0
31.161645770020797	971.048167096255	0.5	0.25	7.0
31.520286827767325	993.5284817047224	0.5	0.25	7.0
31.665096014626574	1002.6783056155198	0.5	0.25	7.0
31.84169617186567	1013.8936151014049	0.5	0.25	7.0
32.157265936391326	1034.089752503794	0.5	0.25	7.0
32.732002432365114	1071.3839832323558	0.5	0.25	7.0
32.936426384924275	1084.808183009536	0.5	0.25	7.0
33.05459254770581	1092.6060884948483	0.5	0.25	7.0
33.093871154648426	1095.2043080004712	0.5	0.25	7.0
33.244722597417145	1105.2115805792182	0.5	0.25	7.0
33.27133037029769	1106.9814246094934	0.5	0.25	7.0
33.41421356237309	1116.509667991878	0.5	0.25	7.0
33.56905025950824	1126.88113532539	0.5	0.25	7.0
33.66442391728352	1133.2934376825708	0.5	0.25	7.0
33.749117547746536	1139.0029352516133	0.5	0.25	7.0
34.84437914851912	1214.130758245754	0.5	0.25	7.0
35.01989757749787	1226.3932263384413	0.5	0.25	7.0
35.02044791804422	1226.4317723804477	0.5	0.25	7.0
45.983643849066006	2114.4955016377457	0.5	0.25	7.0
46.23494785663044	2137.6704033053356	0.5	0.25	7.0
46.386914344955116	2151.7458224462025	0.5	0.25	7.0
46.436698295278376	2156.3669485667097	0.5	0.25	7.0
46.84381060921807	2194.342592392291	0.5	0.25	7.0
46.98724688972611	2207.801370276076	0.5	0.25	7.0
47.08053314685799	2216.5766013923935	0.5	0.25	7.0
47.38717479942267	2245.5443354710387	0.5	0.25	7.0
48.07879621846077	2311.570645816277	0.5	0.25	7.0
48.197084955297434	2322.958998188158	0.5	0.25	7.0
48.30208737786117	2333.0916450585355	0.5	0.25	7.0
48.33953766773052	2336.710901929938	0.5	0.25	7.0
48.54808050387488	2356.916120610716	0.5	0.25	7.0
48.685415643426104	2370.269696373159	0.5	0.25	7.0
49.04614754096981	2405.524588610579	0.5	0.25	7.0
49.137402525016164	2414.484326905465	0.5	0.25	7.0
50.6096606965657	2561.3377558215066	0.5	0.25	7.0
50.65276198662223	2565.7022968734022	0.5	0.25	7.0
50.80778864281382	2581.431386772841	0.5	0.25	7.0
50.889591452325575	2589.750518184608	0.5	0.25	7.0
44.97955208195578	2023.1601054933726	0.0	0.0	8.0
45.11451081596613	2035.3190861639248	0.0	0.0	8.0
46.1141432027169	2126.5142033206816	0.0	0.0	8.0
46.25088245225349	2139.14412761217	0.0	0.0	8.0
46.58031779029823	2169.726005445174	0.0	0.0	8.0
46.58578643762689	2170.235498012182	0.0	0.0	8.0
46.70230829872581	2181.1056004292336	0.0	0.0	8.0
46.72866962970232	2183.568565361864	0.0	0.0	8.0
47.06357361507572	2214.9799614216513	0.0	0.0	8.0
47.20990857397178	2228.7754675627743	0.0	0.0	8.0
47.92943673937739	2297.230906153979	0.0	0.0	8.0
48.15733626062098	2319.1290357185203	0.0	0.0	8.0
48.33490398537344	2336.2629432752688	0.0	0.0	8.0
48.93642638492426	2394.773827327111	0.0	0.0	8.0
49.22763712015748	2423.3602564339067	0.0	0.0	8.0
49.414213562373114	2441.764501987819	0.0	0.0	8.0
50.21417969262307	2521.463842203039	0.0	0.0	8.0
50.6855439326708	2569.0243637507015	0.0	0.0	8.0
51.02044791804423	2603.086105757864	0.0	0.0	8.0
51.174202518172585	2618.799003370941	0.0	0.0	8.0
64.06080930625998	4103.787288973006	0.0	0.0	8.0
64.11794787298835	4111.111239443251	0.0	0.0	8.0
64.26260835016686	4129.682831966935	0.0	0.0	8.0
64.32662882532992	4137.915176031766	0.0	0.0	8.0
64.8080246326244	4200.08005678285	0.0	0.0	8.0
62.25088245225347	3875.172366084279	-0.5	0.25	9.0
62.72866962970229	3934.885993512334	-0.5	0.25	9.0
64.0	4096.0	-0.5	0.25	9.0
64.33490398537343	4138.979870807218	-0.5	0.25	9.0
66.6855439326708	4446.961769596167	-0.5	0.25	9.0
0.0	0.0	2.5	6.25	5.0
13.314456067329209	177.2747403688396	2.0	4.0	6.0
15.665096014626577	245.39523314746947	2.0	4.0	6.0
16.0	256.0	2.0	4.0	6.0
17.271330370297708	298.298852759968	2.0	4.0	6.0
17.749117547746526	315.0311737237236	2.0	4.0	6.0
28.979552081955788	839.8144388707881	1.5	2.25	7.0
29.314456067329207	859.3373345233741	1.5	2.25	7.0
30.58578643762692	935.4903320081228	1.5	2.25	7.0
31.063573615075732	964.9456057392292	1.5	2.25	7.0
31.665096014626574	1002.6783056155198	1.5	2.25	7.0
32.93642638492428	1084.8081830095364	1.5	2.25	7.0
33.271330370297704	1106.9814246094943	1.5	2.25	7.0
33.41421356237311	1116.5096679918788	1.5	2.25	7.0
33.74911754774652	1139.0029352516121	1.5	2.25	7.0
35.02044791804423	1226.4317723804486	1.5	2.25	7.0
44.97955208195578	2023.1601054933726	1.0	1.0	8.0
46.2508824522535	2139.1441276121705	1.0	1.0	8.0
46.5857864376269	2170.2354980121827	1.0	1.0	8.0
46.7286696297023	2183.5685653618625	1.0	1.0	8.0
47.06357361507571	2214.979961421651	1.0	1.0	8.0
48.33490398537344	2336.2629432752688	1.0	1.0	8.0
48.936426384924275	2394.773827327113	1.0	1.0	8.0
49.41421356237309	2441.764501987817	1.0	1.0	8.0
50.68554393267081	2569.024363750703	1.0	1.0	8.0
51.020447918044226	2603.0861057578636	1.0	1.0	8.0
62.25088245225347	3875.172366084279	0.5	0.25	9.0
62.72866962970229	3934.885993512334	0.5	0.25	9.0
64.0	4096.0	0.5	0.25	9.0
64.33490398537343	4138.979870807218	0.5	0.25	9.0
66.6855439326708	4446.961769596167	0.5	0.25	9.0
80.0	6400.0	0.0	0.0	10.0
