E	Esq	M	Msq	N_tot
0.0	0.0	0.0	0.0	0.0
-2.214319743377532	4.90321192591154	-0.5	0.25	1.0
-0.999999999999996	0.999999999999992	-0.5	0.25	1.0
0.5391888728108896	0.2907246405630776	-0.5	0.25	1.0
1.0000000000000013	1.0000000000000027	-0.5	0.25	1.0
1.6751308705666454	2.8060634335253676	-0.5	0.25	1.0
-3.2143197433775317	10.331851412666602	-1.0	1.0	2.0
-1.6751308705666421	2.8060634335253565	-1.0	1.0	2.0
-1.2143197433775343	1.474572439156481	-1.0	1.0	2.0
-0.539188872810886	0.2907246405630738	-1.0	1.0	2.0
-0.4608111271891091	0.2123468949412973	-1.0	1.0	2.0
-1.7763568394002505e-15	3.1554436208840472e-30	-1.0	1.0	2.0
0.6751308705666488	0.45580169239208107	-1.0	1.0	2.0
1.5391888728108893	2.369102386184856	-1.0	1.0	2.0
2.2143197433775343	4.90321192591155	-1.0	1.0	2.0
2.6751308705666457	7.15632517465866	-1.0	1.0	2.0
-2.6751308705666466	7.156325174658664	-1.5	2.25	3.0
-2.214319743377536	4.903211925911558	-1.5	2.25	3.0
-1.5391888728108913	2.369102386184862	-1.5	2.25	3.0
-0.675130870566647	0.4558016923920787	-1.5	2.25	3.0
-4.884981308350689e-15	2.3863042382935607e-29	-1.5	2.25	3.0
0.46081112718911044	0.21234689494129852	-1.5	2.25	3.0
0.5391888728108882	0.29072464056307623	-1.5	2.25	3.0
1.214319743377534	1.4745724391564798	-1.5	2.25	3.0
1.6751308705666412	2.8060634335253534	-1.5	2.25	3.0
3.2143197433775352	10.331851412666625	-1.5	2.25	3.0
-1.6751308705666417	2.8060634335253547	-2.0	4.0	4.0
-0.9999999999999999	0.9999999999999998	-2.0	4.0	4.0
-0.5391888728108882	0.29072464056307623	-2.0	4.0	4.0
1.0000000000000029	1.0000000000000058	-2.0	4.0	4.0
2.2143197433775352	4.903211925911553	-2.0	4.0	4.0
0.0	0.0	-2.5	6.25	5.0
-2.214319743377532	4.90321192591154	0.5	0.25	1.0
-0.999999999999996	0.999999999999992	0.5	0.25	1.0
0.5391888728108896	0.2907246405630776	0.5	0.25	1.0
1.0000000000000013	1.0000000000000027	0.5	0.25	1.0
1.6751308705666454	2.8060634335253676	0.5	0.25	1.0
-3.356345055156117	11.265052129270918	0.0	0.0	2.0
-3.214319743377536	10.33185141266663	0.0	0.0	2.0
-2.267566640966428	5.141858471223769	0.0	0.0	2.0
-1.6751308705666474	2.8060634335253742	0.0	0.0	2.0
-1.214319743377537	1.4745724391564874	0.0	0.0	2.0
-1.0452188239586695	1.0924823899575442	0.0	0.0	2.0
-0.5655924923842779	0.31989486744145945	0.0	0.0	2.0
-0.5391888728108887	0.2907246405630767	0.0	0.0	2.0
-0.46081112718911355	0.21234689494130138	0.0	0.0	2.0
-0.43005891420043607	0.18495066968325805	0.0	0.0	2.0
8.881784197001252e-16	7.888609052210118e-31	0.0	0.0	2.0
0.4360772148511787	0.19016333731236104	0.0	0.0	2.0
0.6751308705666412	0.45580169239207086	0.0	0.0	2.0
0.9677921383448398	0.9366216230420775	0.0	0.0	2.0
1.0963119297747106	1.20189984736635	0.0	0.0	2.0
1.5391888728108896	2.369102386184857	0.0	0.0	2.0
2.15495602012623	4.6438354486782805	0.0	0.0	2.0
2.214319743377536	4.903211925911558	0.0	0.0	2.0
2.397817641909419	5.749529443852046	0.0	0.0	2.0
2.675130870566643	7.156325174658646	0.0	0.0	2.0
32.014175441840436	1024.9074292209393	0.0	0.0	2.0
32.064449133946205	1028.1288982634235	0.0	0.0	2.0
32.08923784123094	1029.7191852310877	0.0	0.0	2.0
32.16760097898426	1034.7545527431491	0.0	0.0	2.0
32.27636358565774	1041.763646313573	0.0	0.0	2.0
-3.5107725536991707	12.325523923807397	-0.5	0.25	3.0
-2.756033400249174	7.5957201032890245	-0.5	0.25	3.0
-2.6751308705666488	7.156325174658676	-0.5	0.25	3.0
-2.260080375675331	5.107963304512746	-0.5	0.25	3.0
-2.2557778770042844	5.088533830381957	-0.5	0.25	3.0
-2.2143197433775352	4.903211925911553	-0.5	0.25	3.0
-1.5891059589025684	2.5252577486196515	-0.5	0.25	3.0
-1.5391888728108925	2.3691023861848657	-0.5	0.25	3.0
-1.1730364966479403	1.3760146224680732	-0.5	0.25	3.0
-0.7547391818998936	0.5696312326949208	-0.5	0.25	3.0
-0.675130870566639	0.45580169239206786	-0.5	0.25	3.0
-0.5971321020486409	0.3565667472970285	-0.5	0.25	3.0
-0.4862728636786269	0.23646129795021245	-0.5	0.25	3.0
-0.05669638836507307	0.003214480453643193	-0.5	0.25	3.0
-6.217248937900877e-15	3.865418435582958e-29	-0.5	0.25	3.0
0.3764168886816872	0.1416896740848017	-0.5	0.25	3.0
0.4041949593317753	0.16337356514921547	-0.5	0.25	3.0
0.4600967871679197	0.211689053562242	-0.5	0.25	3.0
0.4608111271891084	0.21234689494129663	-0.5	0.25	3.0
0.539188872810886	0.2907246405630738	-0.5	0.25	3.0
0.9514661224541463	0.9052877821779285	-0.5	0.25	3.0
1.0004474464155297	1.0008950930393543	-0.5	0.25	3.0
1.1387770547423228	1.2968131804075993	-0.5	0.25	3.0
1.2143197433775361	1.4745724391564852	-0.5	0.25	3.0
1.6199552904697505	2.6242551431209336	-0.5	0.25	3.0
1.6751308705666421	2.8060634335253565	-0.5	0.25	3.0
2.141141884415342	4.584488569197682	-0.5	0.25	3.0
2.340911860127523	5.4798683368857	-0.5	0.25	3.0
3.1592828686977033	9.981068244446789	-0.5	0.25	3.0
3.2143197433775352	10.331851412666625	-0.5	0.25	3.0
29.808547223965608	888.5494876033878	-0.5	0.25	3.0
29.94020111111767	896.4156425741718	-0.5	0.25	3.0
30.08538275485834	905.1302555063277	-0.5	0.25	3.0
30.1719865173749	910.3487704046528	-0.5	0.25	3.0
31.019883859965358	962.2331946857392	-0.5	0.25	3.0
31.074747981413918	965.6399621083883	-0.5	0.25	3.0
31.089392337560984	966.5503159187956	-0.5	0.25	3.0
31.181985167329547	972.3161989755598	-0.5	0.25	3.0
32.03129673298067	1026.0039703962582	-0.5	0.25	3.0
32.059656156941124	1027.821552901293	-0.5	0.25	3.0
32.5589448441354	1060.0848893634509	-0.5	0.25	3.0
32.653290194014986	1066.237360494555	-0.5	0.25	3.0
33.0221184066383	1090.46030406204	-0.5	0.25	3.0
33.07189786808003	1093.7504285967163	-0.5	0.25	3.0
33.12855466110413	1097.5011339337643	-0.5	0.25	3.0
33.163571617497205	1099.8224824288661	-0.5	0.25	3.0
33.70279136162614	1135.8781455653016	-0.5	0.25	3.0
33.835889991761306	1144.8674515345729	-0.5	0.25	3.0
34.11616917153659	1163.9129989409037	-0.5	0.25	3.0
34.13064807576486	1164.9011380717116	-0.5	0.25	3.0
-2.4686013966969895	6.093992855774327	-1.0	1.0	4.0
-1.8601581884966691	3.4601884862312096	-1.0	1.0	4.0
-1.7250029691260735	2.9756352434937696	-1.0	1.0	4.0
-1.6751308705665835	2.8060634335251597	-1.0	1.0	4.0
-1.179174195962608	1.3904517844240634	-1.0	1.0	4.0
-1.1702370755562645	1.3694548130064785	-1.0	1.0	4.0
-1.0445540979121049	1.091093263464971	-1.0	1.0	4.0
-0.999999999999936	0.9999999999998721	-1.0	1.0	4.0
-0.6768187385396303	0.4580836048383764	-1.0	1.0	4.0
-0.5734181533046827	0.3288083785393526	-1.0	1.0	4.0
-0.5391888728108621	0.2907246405630481	-1.0	1.0	4.0
0.40248541354657874	0.1619945081177605	-1.0	1.0	4.0
0.8304932811097459	0.6897190899684313	-1.0	1.0	4.0
0.9029433362805364	0.8153066685334258	-1.0	1.0	4.0
0.9603566122023395	0.9222848226007546	-1.0	1.0	4.0
1.0000000000000355	1.000000000000071	-1.0	1.0	4.0
1.5386743634006592	2.367518796586424	-1.0	1.0	4.0
2.0371074194745162	4.149806638478123	-1.0	1.0	4.0
2.167478109191279	4.697961353823403	-1.0	1.0	4.0
2.21431974337753	4.90321192591153	-1.0	1.0	4.0
28.819325607099167	830.5535284480018	-1.0	1.0	4.0
29.041244227168768	843.3938662620633	-1.0	1.0	4.0
29.156665724412353	850.1111561651221	-1.0	1.0	4.0
29.923310334279073	895.4045013615728	-1.0	1.0	4.0
30.33759154699277	920.3694608721671	-1.0	1.0	4.0
30.390113995186486	923.5590286404295	-1.0	1.0	4.0
30.761002883212946	946.2392983810352	-1.0	1.0	4.0
30.871089964885403	953.0241956200482	-1.0	1.0	4.0
31.053597084360625	964.3258918778107	-1.0	1.0	4.0
31.054758226256798	964.3980084912642	-1.0	1.0	4.0
31.342407042656813	982.3464792275834	-1.0	1.0	4.0
31.483984298454693	991.2412673053417	-1.0	1.0	4.0
31.541292803978177	994.8531517462856	-1.0	1.0	4.0
31.583990015206993	997.548425280695	-1.0	1.0	4.0
32.03622159630651	1026.3194941676556	-1.0	1.0	4.0
32.067775588428034	1028.342231189781	-1.0	1.0	4.0
32.10173091720208	1030.5211278804481	-1.0	1.0	4.0
32.6286333070025	1064.627711482833	-1.0	1.0	4.0
32.73765289341244	1071.7539169695558	-1.0	1.0	4.0
32.78009486633602	1074.5346194459892	-1.0	1.0	4.0
33.03420232658941	1091.258523354045	-1.0	1.0	4.0
33.0402116785961	1091.6555877664382	-1.0	1.0	4.0
33.364531755096706	1113.1919792368565	-1.0	1.0	4.0
33.57295979000747	1127.1436290614581	-1.0	1.0	4.0
33.74724345383224	1138.876440732223	-1.0	1.0	4.0
34.177018992140674	1168.0686271891443	-1.0	1.0	4.0
34.24520955272043	1172.7343773097348	-1.0	1.0	4.0
34.7264871107573	1205.9289070535926	-1.0	1.0	4.0
35.05416411072359	1228.7944215015418	-1.0	1.0	4.0
35.1839145870866	1237.907845671405	-1.0	1.0	4.0
-0.25978594839858005	0.0674887389853497	-1.5	2.25	5.0
-0.1870133294613865	0.03497398539623309	-1.5	2.25	5.0
-0.1440735721183728	0.020757194182947965	-1.5	2.25	5.0
-0.03242437546523288	0.0010513401243103957	-1.5	2.25	5.0
5.972305983092951e-14	3.5668438755687865e-27	-1.5	2.25	5.0
28.791951635267893	828.9764789676054	-1.5	2.25	5.0
29.482376622360317	869.2105313026981	-1.5	2.25	5.0
29.81423555622923	888.8886418023234	-1.5	2.25	5.0
30.109333448084953	906.5719606879674	-1.5	2.25	5.0
30.586580159341743	935.538885843838	-1.5	2.25	5.0
30.973519066642687	959.3588833716781	-1.5	2.25	5.0
31.37157937755777	984.1759926424079	-1.5	2.25	5.0
31.402089216353634	986.0912071518331	-1.5	2.25	5.0
31.580848714733744	997.3500055428999	-1.5	2.25	5.0
32.0	1024.0	-1.5	2.25	5.0
32.024940110898704	1025.5967891066487	-1.5	2.25	5.0
32.51886858405832	1057.476813987255	-1.5	2.25	5.0
32.601996117152574	1062.8901508228314	-1.5	2.25	5.0
32.67691860879495	1067.7810097658096	-1.5	2.25	5.0
33.0547783952043	1092.6183747560651	-1.5	2.25	5.0
33.506285354657706	1122.6711582677494	-1.5	2.25	5.0
33.997516820083	1155.8311499318265	-1.5	2.25	5.0
34.26972617717011	1174.414132258218	-1.5	2.25	5.0
34.5827457486968	1195.9663035190067	-1.5	2.25	5.0
35.27700751215518	1244.467259012653	-1.5	2.25	5.0
29.785680256622452	887.1867483497485	-2.0	4.0	6.0
30.999999999999996	960.9999999999998	-2.0	4.0	6.0
32.5391888728109	1058.7988125004604	-2.0	4.0	6.0
32.999999999999986	1088.999999999999	-2.0	4.0	6.0
33.675130870566626	1134.0144391497893	-2.0	4.0	6.0
-3.2143197433775317	10.331851412666602	1.0	1.0	2.0
-1.6751308705666421	2.8060634335253565	1.0	1.0	2.0
-1.2143197433775343	1.474572439156481	1.0	1.0	2.0
-0.539188872810886	0.2907246405630738	1.0	1.0	2.0
-0.4608111271891091	0.2123468949412973	1.0	1.0	2.0
-1.7763568394002505e-15	3.1554436208840472e-30	1.0	1.0	2.0
0.6751308705666488	0.45580169239208107	1.0	1.0	2.0
1.5391888728108893	2.369102386184856	1.0	1.0	2.0
2.2143197433775343	4.90321192591155	1.0	1.0	2.0
2.6751308705666457	7.15632517465866	1.0	1.0	2.0
-3.5107725536991725	12.32552392380741	0.5	0.25	3.0
-2.756033400249174	7.5957201032890245	0.5	0.25	3.0
-2.6751308705666466	7.156325174658664	0.5	0.25	3.0
-2.260080375675334	5.107963304512758	0.5	0.25	3.0
-2.2557778770042844	5.088533830381957	0.5	0.25	3.0
-2.214319743377538	4.903211925911565	0.5	0.25	3.0
-1.5891059589025704	2.525257748619658	0.5	0.25	3.0
-1.539188872810894	2.3691023861848706	0.5	0.25	3.0
-1.1730364966479394	1.3760146224680712	0.5	0.25	3.0
-0.7547391818998976	0.5696312326949268	0.5	0.25	3.0
-0.6751308705666523	0.45580169239208584	0.5	0.25	3.0
-0.5971321020486497	0.3565667472970391	0.5	0.25	3.0
-0.48627286367863	0.23646129795021545	0.5	0.25	3.0
-0.05669638836507218	0.0032144804536430923	0.5	0.25	3.0
-4.884981308350689e-15	2.3863042382935607e-29	0.5	0.25	3.0
0.37641688868168544	0.14168967408480038	0.5	0.25	3.0
0.4041949593317735	0.16337356514921406	0.5	0.25	3.0
0.460096787167923	0.21168905356224504	0.5	0.25	3.0
0.46081112718910716	0.2123468949412955	0.5	0.25	3.0
0.5391888728108789	0.29072464056306613	0.5	0.25	3.0
0.9514661224541463	0.9052877821779285	0.5	0.25	3.0
1.0004474464155315	1.0008950930393579	0.5	0.25	3.0
1.1387770547423237	1.2968131804076013	0.5	0.25	3.0
1.2143197433775361	1.4745724391564852	0.5	0.25	3.0
1.619955290469747	2.6242551431209225	0.5	0.25	3.0
1.6751308705666457	2.806063433525368	0.5	0.25	3.0
2.141141884415343	4.584488569197686	0.5	0.25	3.0
2.340911860127517	5.479868336885671	0.5	0.25	3.0
3.159282868697698	9.981068244446755	0.5	0.25	3.0
3.2143197433775343	10.331851412666618	0.5	0.25	3.0
29.80854722396562	888.5494876033883	0.5	0.25	3.0
29.940201111117673	896.415642574172	0.5	0.25	3.0
30.08538275485833	905.130255506327	0.5	0.25	3.0
30.17198651737491	910.3487704046535	0.5	0.25	3.0
31.019883859965354	962.233194685739	0.5	0.25	3.0
31.07474798141391	965.6399621083879	0.5	0.25	3.0
31.08939233756098	966.5503159187954	0.5	0.25	3.0
31.181985167329543	972.3161989755596	0.5	0.25	3.0
32.031296732980664	1026.0039703962577	0.5	0.25	3.0
32.05965615694112	1027.8215529012925	0.5	0.25	3.0
32.5589448441354	1060.0848893634509	0.5	0.25	3.0
32.65329019401499	1066.2373604945558	0.5	0.25	3.0
33.02211840663829	1090.4603040620395	0.5	0.25	3.0
33.07189786808003	1093.7504285967163	0.5	0.25	3.0
33.128554661104126	1097.5011339337639	0.5	0.25	3.0
33.1635716174972	1099.8224824288657	0.5	0.25	3.0
33.70279136162617	1135.8781455653034	0.5	0.25	3.0
33.83588999176132	1144.8674515345738	0.5	0.25	3.0
34.1161691715366	1163.9129989409041	0.5	0.25	3.0
34.13064807576487	1164.901138071712	0.5	0.25	3.0
-2.5899734512526216	6.707962478193416	0.0	0.0	4.0
-2.4686013966969926	6.093992855774343	0.0	0.0	4.0
-1.8601581884966198	3.460188486231026	0.0	0.0	4.0
-1.8026960412740776	3.249713017225231	0.0	0.0	4.0
-1.725002969126074	2.975635243493771	0.0	0.0	4.0
-1.6751308705666412	2.8060634335253534	0.0	0.0	4.0
-1.2491618689752464	1.5604053749017306	0.0	0.0	4.0
-1.1791741959625746	1.390451784423984	0.0	0.0	4.0
-1.1702370755562148	1.369454813006362	0.0	0.0	4.0
-1.0926084870313257	1.1937933059328827	0.0	0.0	4.0
-1.0445540979120882	1.0910932634649364	0.0	0.0	4.0
-0.9999999999999969	0.9999999999999938	0.0	0.0	4.0
-0.6768187385395961	0.4580836048383301	0.0	0.0	4.0
-0.6433258661378525	0.4138681700420181	0.0	0.0	4.0
-0.5734181533046709	0.3288083785393391	0.0	0.0	4.0
-0.53918887281089	0.2907246405630781	0.0	0.0	4.0
0.33383822026874466	0.11144795731220287	0.0	0.0	4.0
0.4024854135465912	0.16199450811777052	0.0	0.0	4.0
0.7787721775620597	0.6064861045447523	0.0	0.0	4.0
0.8304932811097858	0.6897190899684977	0.0	0.0	4.0
0.8674588408755985	0.752484840613237	0.0	0.0	4.0
0.9029433362805257	0.8153066685334065	0.0	0.0	4.0
0.9603566122023328	0.9222848226007418	0.0	0.0	4.0
0.9999999999999925	0.9999999999999849	0.0	0.0	4.0
1.427347124484529	2.037319813774254	0.0	0.0	4.0
1.538674363400681	2.367518796586491	0.0	0.0	4.0
2.0371074194745398	4.149806638478219	0.0	0.0	4.0
2.111920625263807	4.46020872741467	0.0	0.0	4.0
2.1674781091912716	4.69796135382337	0.0	0.0	4.0
2.2143197433775375	4.903211925911563	0.0	0.0	4.0
28.68109001013506	822.6049241694691	0.0	0.0	4.0
28.819325607099195	830.5535284480034	0.0	0.0	4.0
28.986833485003437	840.2365154873165	0.0	0.0	4.0
29.04124422716874	843.3938662620617	0.0	0.0	4.0
29.07604941766453	845.4166497384699	0.0	0.0	4.0
29.156665724412353	850.1111561651221	0.0	0.0	4.0
29.759010747650375	885.5987206787705	0.0	0.0	4.0
29.862267084390265	891.7549954194583	0.0	0.0	4.0
29.923310334279076	895.404501361573	0.0	0.0	4.0
30.309843708463276	918.6866256314709	0.0	0.0	4.0
30.337591546992783	920.369460872168	0.0	0.0	4.0
30.39011399518648	923.5590286404291	0.0	0.0	4.0
30.676349269412075	941.0384044989587	0.0	0.0	4.0
30.761002883212957	946.2392983810358	0.0	0.0	4.0
30.87108996488543	953.02419562005	0.0	0.0	4.0
30.972808924423003	959.3148926688172	0.0	0.0	4.0
30.99021463828886	960.3934033272133	0.0	0.0	4.0
31.009833074766398	961.609747324876	0.0	0.0	4.0
31.05359708436062	964.3258918778105	0.0	0.0	4.0
31.054758226256794	964.398008491264	0.0	0.0	4.0
31.34240704265683	982.3464792275845	0.0	0.0	4.0
31.36191589538928	983.5697686294708	0.0	0.0	4.0
31.44833409969459	988.9977176460136	0.0	0.0	4.0
31.4666464502001	990.1498388218905	0.0	0.0	4.0
31.483984298454676	991.2412673053406	0.0	0.0	4.0
31.54129280397815	994.8531517462837	0.0	0.0	4.0
31.583990015206982	997.5484252806943	0.0	0.0	4.0
31.61627209767982	999.5886613545274	0.0	0.0	4.0
32.006735791037336	1024.4311359972703	0.0	0.0	4.0
32.03622159630642	1026.3194941676497	0.0	0.0	4.0
32.038817860745105	1026.4858499139996	0.0	0.0	4.0
32.06777558842803	1028.3422311897805	0.0	0.0	4.0
32.101730917202076	1030.5211278804477	0.0	0.0	4.0
32.49127075036544	1055.6826749735526	0.0	0.0	4.0
32.57534668798232	1061.1532118422406	0.0	0.0	4.0
32.62863330700251	1064.6277114828335	0.0	0.0	4.0
32.73765289341244	1071.7539169695558	0.0	0.0	4.0
32.753015041522836	1072.7599943102211	0.0	0.0	4.0
32.780094866336015	1074.5346194459887	0.0	0.0	4.0
32.98349774776678	1087.9111236769365	0.0	0.0	4.0
32.984160639797196	1087.9548531119465	0.0	0.0	4.0
33.020224888153955	1090.335251664262	0.0	0.0	4.0
33.03420232658941	1091.258523354045	0.0	0.0	4.0
33.040211678596094	1091.6555877664377	0.0	0.0	4.0
33.14550080307376	1098.624223486563	0.0	0.0	4.0
33.33470841664487	1111.2027852227345	0.0	0.0	4.0
33.36453175509672	1113.1919792368574	0.0	0.0	4.0
33.572959790007495	1127.1436290614602	0.0	0.0	4.0
33.70936210860798	1136.3210937692556	0.0	0.0	4.0
33.747243453832255	1138.876440732224	0.0	0.0	4.0
34.02532129003424	1157.7224888900575	0.0	0.0	4.0
34.177018992140646	1168.0686271891425	0.0	0.0	4.0
34.18647170817291	1168.7148478537067	0.0	0.0	4.0
34.2452095527204	1172.7343773097323	0.0	0.0	4.0
34.441950965427424	1186.247986304907	0.0	0.0	4.0
34.726487110757276	1205.9289070535913	0.0	0.0	4.0
35.0393557910859	1227.7564542543053	0.0	0.0	4.0
35.0468241627073	1228.2798838917245	0.0	0.0	4.0
35.05416411072359	1228.7944215015418	0.0	0.0	4.0
35.18391458708658	1237.9078456714042	0.0	0.0	4.0
64.03383871990071	4100.332501206256	0.0	0.0	4.0
64.06310390002467	4104.081281305356	0.0	0.0	4.0
64.07094030205425	4105.0853911894	0.0	0.0	4.0
64.10866847132934	4109.921373166816	0.0	0.0	4.0
64.12491154681582	4112.004280886953	0.0	0.0	4.0
64.20903285774085	4122.799900526445	0.0	0.0	4.0
64.25058480530926	4128.137647824237	0.0	0.0	4.0
64.26009502558483	4129.359812697193	0.0	0.0	4.0
64.32648346489206	4137.896474959032	0.0	0.0	4.0
64.41073607627777	4148.742921887911	0.0	0.0	4.0
-0.3737862750173541	0.1397161793913491	-0.5	0.25	5.0
-0.35565234205527607	0.12648858840940308	-0.5	0.25	5.0
-0.25978594839842517	0.06748873898526922	-0.5	0.25	5.0
-0.24939186963103835	0.06219630463806483	-0.5	0.25	5.0
-0.1992101869021422	0.03968469856558643	-0.5	0.25	5.0
-0.1870133294614642	0.034973985396262154	-0.5	0.25	5.0
-0.14407357211829763	0.02075719418292631	-0.5	0.25	5.0
-0.06855622771461267	0.004699956358457827	-0.5	0.25	5.0
-0.032424375465142215	0.0010513401243045163	-0.5	0.25	5.0
-3.427813588530171e-15	1.1749905997712087e-29	-0.5	0.25	5.0
28.55141137752176	815.1830916484789	-0.5	0.25	5.0
28.735197354452332	825.7115669993243	-0.5	0.25	5.0
28.7919516352679	828.9764789676059	-0.5	0.25	5.0
29.401764613781967	864.4637624042415	-0.5	0.25	5.0
29.40730968467421	864.7898628903336	-0.5	0.25	5.0
29.482376622360327	869.2105313026988	-0.5	0.25	5.0
29.719105894987784	883.2252551974976	-0.5	0.25	5.0
29.76823058597951	886.147552220046	-0.5	0.25	5.0
29.81423555622922	888.8886418023227	-0.5	0.25	5.0
29.975847730925885	898.5514471876545	-0.5	0.25	5.0
30.042825843475313	902.5713846613882	-0.5	0.25	5.0
30.109333448084968	906.5719606879682	-0.5	0.25	5.0
30.521660771840867	931.5717762713297	-0.5	0.25	5.0
30.527617668487963	931.9354405133785	-0.5	0.25	5.0
30.58658015934173	935.5388858438371	-0.5	0.25	5.0
30.828386085870925	950.38938865952	-0.5	0.25	5.0
30.895615808159533	954.5390761653972	-0.5	0.25	5.0
30.97351906664268	959.3588833716776	-0.5	0.25	5.0
31.255609779579707	976.9131426933586	-0.5	0.25	5.0
31.29108315372685	979.1318849334482	-0.5	0.25	5.0
31.320842892228455	980.9951994796578	-0.5	0.25	5.0
31.33328895000962	981.774996424795	-0.5	0.25	5.0
31.371579377557772	984.1759926424081	-0.5	0.25	5.0
31.402089216353644	986.0912071518338	-0.5	0.25	5.0
31.4501869088039	989.1142565987002	-0.5	0.25	5.0
31.531732638285426	994.2501631723144	-0.5	0.25	5.0
31.58084871473374	997.3500055428997	-0.5	0.25	5.0
31.868106502916056	1015.5762120812007	-0.5	0.25	5.0
31.90460123952395	1017.903580253033	-0.5	0.25	5.0
31.95856235255075	1021.3497076418741	-0.5	0.25	5.0
31.969844959531738	1022.0709867364968	-0.5	0.25	5.0
31.999999999999982	1023.9999999999989	-0.5	0.25	5.0
32.02494011089868	1025.5967891066473	-0.5	0.25	5.0
32.37565191234237	1048.1828367491582	-0.5	0.25	5.0
32.46898322155897	1054.234871441878	-0.5	0.25	5.0
32.51886858405835	1057.4768139872574	-0.5	0.25	5.0
32.52325571729942	1057.7621624528495	-0.5	0.25	5.0
32.530774547255646	1058.2512926443758	-0.5	0.25	5.0
32.559121891864244	1060.0964183692736	-0.5	0.25	5.0
32.59819872416122	1062.6425600599064	-0.5	0.25	5.0
32.60199611715262	1062.8901508228348	-0.5	0.25	5.0
32.67691860879493	1067.7810097658082	-0.5	0.25	5.0
32.9060177585903	1082.8060047286604	-0.5	0.25	5.0
32.98260118286104	1087.8519807876664	-0.5	0.25	5.0
33.05477839520433	1092.618374756067	-0.5	0.25	5.0
33.43781681067511	1118.087593064267	-0.5	0.25	5.0
33.44568766178005	1118.6140231693462	-0.5	0.25	5.0
33.50628535465771	1122.67115826775	-0.5	0.25	5.0
33.864993068685884	1146.837755542143	-0.5	0.25	5.0
33.93599509064298	1151.6517627921446	-0.5	0.25	5.0
33.99751682008303	1155.8311499318283	-0.5	0.25	5.0
34.1722869477814	1167.745195241511	-0.5	0.25	5.0
34.218860691805794	1170.9304270452117	-0.5	0.25	5.0
34.26972617717011	1174.414132258218	-0.5	0.25	5.0
34.49558568669756	1189.9454318682936	-0.5	0.25	5.0
34.50177945464578	1190.3727855370175	-0.5	0.25	5.0
34.58274574869684	1195.9663035190092	-0.5	0.25	5.0
35.012134718361	1225.8495775366596	-0.5	0.25	5.0
35.21828094233396	1240.3273125331636	-0.5	0.25	5.0
35.27700751215518	1244.467259012653	-0.5	0.25	5.0
61.845534193816775	3824.87009971856	-0.5	0.25	5.0
62.09732164131604	3856.077355025058	-0.5	0.25	5.0
62.14443761418524	3861.9311263833615	-0.5	0.25	5.0
62.21888096755688	3871.1891488550114	-0.5	0.25	5.0
62.26763815804906	3877.258761781727	-0.5	0.25	5.0
62.41598489873141	3895.7551708786673	-0.5	0.25	5.0
63.05219980178742	3975.579899844521	-0.5	0.25	5.0
63.05924213833868	3976.468019061629	-0.5	0.25	5.0
63.08398456315623	3979.5891083645333	-0.5	0.25	5.0
63.15096407957883	3988.044264180255	-0.5	0.25	5.0
63.16095163808331	3989.305811828299	-0.5	0.25	5.0
63.2292146230594	3997.9335818489085	-0.5	0.25	5.0
63.5388336798061	4037.1833853900625	-0.5	0.25	5.0
64.03129364762296	4100.006566188121	-0.5	0.25	5.0
64.06288745317053	4104.0535488375945	-0.5	0.25	5.0
64.12476615141587	4111.985633973771	-0.5	0.25	5.0
64.15603641411181	4115.99700836884	-0.5	0.25	5.0
64.60601003682524	4173.936532878363	-0.5	0.25	5.0
65.05345698184509	4231.952265288769	-0.5	0.25	5.0
65.0552813550376	4232.189632183102	-0.5	0.25	5.0
65.07796284078562	4235.141247506674	-0.5	0.25	5.0
65.15087593209937	4244.6366347198045	-0.5	0.25	5.0
65.15440534380191	4245.096535704443	-0.5	0.25	5.0
65.2311876494906	4255.107842163054	-0.5	0.25	5.0
65.75800426710006	4324.11512519195	-0.5	0.25	5.0
66.09607802211177	4368.691529905086	-0.5	0.25	5.0
66.13357414567899	4373.649629282021	-0.5	0.25	5.0
66.22042183514802	4385.144268024948	-0.5	0.25	5.0
66.23113785915581	4386.563622118501	-0.5	0.25	5.0
66.33117014179707	4399.824132380031	-0.5	0.25	5.0
29.606099897818147	876.5211511595877	-1.0	1.0	6.0
29.737493096780064	884.3184956810419	-1.0	1.0	6.0
29.785680256622456	887.1867483497488	-1.0	1.0	6.0
30.1893592852932	911.3974140565188	-1.0	1.0	6.0
30.83660364331412	950.8961242548537	-1.0	1.0	6.0
30.90974433677112	955.4122949645542	-1.0	1.0	6.0
30.961054801418925	958.5869144164659	-1.0	1.0	6.0
31.000000000000014	961.0000000000009	-1.0	1.0	6.0
31.32719325024108	981.3930369379503	-1.0	1.0	6.0
32.397185431845784	1049.5776239054007	-1.0	1.0	6.0
32.504091282230036	1056.5159500835425	-1.0	1.0	6.0
32.53918887281091	1058.7988125004615	-1.0	1.0	6.0
32.81326659626817	1076.7104647177687	-1.0	1.0	6.0
32.827137373942215	1077.6209481676738	-1.0	1.0	6.0
32.954546540578335	1086.0021376951436	-1.0	1.0	6.0
32.99999999999997	1088.9999999999982	-1.0	1.0	6.0
33.488616888957395	1121.4874611353625	-1.0	1.0	6.0
33.62598980382051	1130.7071902866408	-1.0	1.0	6.0
33.67513087056663	1134.01443914979	-1.0	1.0	6.0
33.94027971298419	1151.9425869956065	-1.0	1.0	6.0
61.07351655379168	3729.974424246266	-1.0	1.0	6.0
61.12166378592356	3735.8577839594795	-1.0	1.0	6.0
61.38476435668689	3768.089295125977	-1.0	1.0	6.0
61.8167520188195	3821.3108301562247	-1.0	1.0	6.0
61.950237775598026	3837.8319604531325	-1.0	1.0	6.0
62.36016298732676	3888.7899278059585	-1.0	1.0	6.0
62.49559183288157	3905.6989985421337	-1.0	1.0	6.0
62.75682692760047	3938.4193260207994	-1.0	1.0	6.0
63.0350231968158	3973.414149423106	-1.0	1.0	6.0
63.04078803872122	3974.1409565429763	-1.0	1.0	6.0
63.35654068108222	4014.0512470736267	-1.0	1.0	6.0
63.36817855118623	4015.526052895019	-1.0	1.0	6.0
63.52929873770154	4035.9717981041263	-1.0	1.0	6.0
64.03566838551511	4100.566825579659	-1.0	1.0	6.0
64.06694118308499	4104.572952556872	-1.0	1.0	6.0
64.10049792529205	4108.87383427037	-1.0	1.0	6.0
64.49591592884374	4159.72317150048	-1.0	1.0	6.0
64.57725383442072	4170.221712795205	-1.0	1.0	6.0
64.67304926035104	4182.603300631792	-1.0	1.0	6.0
64.76407183484476	4194.385000628932	-1.0	1.0	6.0
65.04242457932916	4230.516995157723	-1.0	1.0	6.0
65.05343990880175	4231.9500439680805	-1.0	1.0	6.0
65.25756995810323	4258.550436836737	-1.0	1.0	6.0
65.42104793065958	4279.913512345658	-1.0	1.0	6.0
65.69910192148572	4316.371993289768	-1.0	1.0	6.0
65.77676193084584	4326.58241010717	-1.0	1.0	6.0
66.14962862822499	4375.773367652083	-1.0	1.0	6.0
67.07783826107467	4499.436385778894	-1.0	1.0	6.0
67.14326699282562	4508.218302469866	-1.0	1.0	6.0
67.25751414989861	4523.573209623812	-1.0	1.0	6.0
60.785680256622484	3694.8989242603443	-1.5	2.25	7.0
62.32486912943334	3884.3893120009925	-1.5	2.25	7.0
62.78568025662246	3942.0416452868317	-1.5	2.25	7.0
63.46081112718911	4027.274548920769	-1.5	2.25	7.0
63.53918887281088	4037.228522614734	-1.5	2.25	7.0
64.0	4096.0	-1.5	2.25	7.0
64.67513087056663	4182.872553124921	-1.5	2.25	7.0
65.53918887281088	4295.385278105978	-1.5	2.25	7.0
66.21431974337749	4384.336139078229	-1.5	2.25	7.0
66.67513087056665	4445.573076607189	-1.5	2.25	7.0
-2.6751308705666466	7.156325174658664	1.5	2.25	3.0
-2.214319743377536	4.903211925911558	1.5	2.25	3.0
-1.5391888728108913	2.369102386184862	1.5	2.25	3.0
-0.675130870566647	0.4558016923920787	1.5	2.25	3.0
-4.884981308350689e-15	2.3863042382935607e-29	1.5	2.25	3.0
0.46081112718911044	0.21234689494129852	1.5	2.25	3.0
0.5391888728108882	0.29072464056307623	1.5	2.25	3.0
1.214319743377534	1.4745724391564798	1.5	2.25	3.0
1.6751308705666412	2.8060634335253534	1.5	2.25	3.0
3.2143197433775352	10.331851412666625	1.5	2.25	3.0
-2.4686013966969895	6.093992855774327	1.0	1.0	4.0
-1.8601581884966691	3.4601884862312096	1.0	1.0	4.0
-1.7250029691260593	2.9756352434937203	1.0	1.0	4.0
-1.6751308705666474	2.8060634335253742	1.0	1.0	4.0
-1.1791741959626092	1.3904517844240658	1.0	1.0	4.0
-1.1702370755562732	1.3694548130064987	1.0	1.0	4.0
-1.0445540979121049	1.091093263464971	1.0	1.0	4.0
-0.9999999999999716	0.9999999999999432	1.0	1.0	4.0
-0.6768187385396516	0.45808360483840527	1.0	1.0	4.0
-0.5734181533046792	0.3288083785393485	1.0	1.0	4.0
-0.5391888728108726	0.2907246405630593	1.0	1.0	4.0
0.40248541354657874	0.1619945081177605	1.0	1.0	4.0
0.8304932811097387	0.6897190899684196	1.0	1.0	4.0
0.9029433362805435	0.8153066685334386	1.0	1.0	4.0
0.9603566122023395	0.9222848226007546	1.0	1.0	4.0
1.0000000000000497	1.0000000000000995	1.0	1.0	4.0
1.538674363400645	2.36751879658638	1.0	1.0	4.0
2.0371074194745162	4.149806638478123	1.0	1.0	4.0
2.167478109191279	4.697961353823403	1.0	1.0	4.0
2.214319743377537	4.903211925911561	1.0	1.0	4.0
28.819325607099167	830.5535284480018	1.0	1.0	4.0
29.04124422716877	843.3938662620635	1.0	1.0	4.0
29.156665724412345	850.1111561651217	1.0	1.0	4.0
29.923310334279076	895.404501361573	1.0	1.0	4.0
30.337591546992773	920.3694608721673	1.0	1.0	4.0
30.390113995186482	923.5590286404292	1.0	1.0	4.0
30.76100288321294	946.2392983810347	1.0	1.0	4.0
30.87108996488541	953.0241956200487	1.0	1.0	4.0
31.053597084360636	964.3258918778114	1.0	1.0	4.0
31.054758226256816	964.3980084912654	1.0	1.0	4.0
31.342407042656824	982.346479227584	1.0	1.0	4.0
31.4839842984547	991.2412673053421	1.0	1.0	4.0
31.54129280397818	994.8531517462858	1.0	1.0	4.0
31.583990015207	997.5484252806955	1.0	1.0	4.0
32.03622159630651	1026.3194941676556	1.0	1.0	4.0
32.06777558842804	1028.3422311897814	1.0	1.0	4.0
32.10173091720208	1030.5211278804481	1.0	1.0	4.0
32.62863330700251	1064.6277114828335	1.0	1.0	4.0
32.73765289341243	1071.7539169695553	1.0	1.0	4.0
32.78009486633602	1074.5346194459892	1.0	1.0	4.0
33.0342023265894	1091.2585233540447	1.0	1.0	4.0
33.040211678596094	1091.6555877664377	1.0	1.0	4.0
33.36453175509671	1113.191979236857	1.0	1.0	4.0
33.572959790007474	1127.1436290614586	1.0	1.0	4.0
33.74724345383224	1138.876440732223	1.0	1.0	4.0
34.17701899214067	1168.0686271891439	1.0	1.0	4.0
34.245209552720425	1172.7343773097343	1.0	1.0	4.0
34.7264871107573	1205.9289070535926	1.0	1.0	4.0
35.05416411072359	1228.7944215015418	1.0	1.0	4.0
35.1839145870866	1237.907845671405	1.0	1.0	4.0
-0.37378627501734774	0.13971617939134431	0.5	0.25	5.0
-0.3556523420553084	0.12648858840942606	0.5	0.25	5.0
-0.25978594839842456	0.06748873898526891	0.5	0.25	5.0
-0.24939186963103285	0.06219630463806208	0.5	0.25	5.0
-0.19921018690215853	0.03968469856559293	0.5	0.25	5.0
-0.18701332946146407	0.034973985396262106	0.5	0.25	5.0
-0.14407357211833774	0.020757194182937866	0.5	0.25	5.0
-0.06855622771462064	0.004699956358458919	0.5	0.25	5.0
-0.03242437546514667	0.0010513401243048054	0.5	0.25	5.0
5.0487392044828994e-14	2.548976755488262e-27	0.5	0.25	5.0
28.55141137752176	815.1830916484789	0.5	0.25	5.0
28.73519735445231	825.711566999323	0.5	0.25	5.0
28.79195163526787	828.9764789676043	0.5	0.25	5.0
29.40176461378197	864.4637624042417	0.5	0.25	5.0
29.407309684674217	864.789862890334	0.5	0.25	5.0
29.482376622360334	869.2105313026991	0.5	0.25	5.0
29.719105894987806	883.2252551974989	0.5	0.25	5.0
29.768230585979502	886.1475522200456	0.5	0.25	5.0
29.814235556229193	888.888641802321	0.5	0.25	5.0
29.97584773092587	898.5514471876537	0.5	0.25	5.0
30.04282584347525	902.5713846613843	0.5	0.25	5.0
30.109333448084953	906.5719606879674	0.5	0.25	5.0
30.521660771840878	931.5717762713304	0.5	0.25	5.0
30.527617668487967	931.9354405133787	0.5	0.25	5.0
30.58658015934173	935.5388858438371	0.5	0.25	5.0
30.82838608587093	950.3893886595205	0.5	0.25	5.0
30.895615808159583	954.5390761654003	0.5	0.25	5.0
30.97351906664268	959.3588833716776	0.5	0.25	5.0
31.2556097795797	976.9131426933582	0.5	0.25	5.0
31.29108315372686	979.1318849334489	0.5	0.25	5.0
31.320842892228455	980.9951994796578	0.5	0.25	5.0
31.333288950009617	981.7749964247948	0.5	0.25	5.0
31.371579377557786	984.175992642409	0.5	0.25	5.0
31.402089216353648	986.091207151834	0.5	0.25	5.0
31.4501869088039	989.1142565987002	0.5	0.25	5.0
31.53173263828542	994.2501631723139	0.5	0.25	5.0
31.58084871473374	997.3500055428997	0.5	0.25	5.0
31.868106502916056	1015.5762120812007	0.5	0.25	5.0
31.904601239523913	1017.9035802530308	0.5	0.25	5.0
31.958562352550775	1021.3497076418757	0.5	0.25	5.0
31.96984495953175	1022.0709867364975	0.5	0.25	5.0
31.99999999999999	1023.9999999999993	0.5	0.25	5.0
32.02494011089868	1025.5967891066473	0.5	0.25	5.0
32.375651912342384	1048.1828367491592	0.5	0.25	5.0
32.46898322155898	1054.2348714418786	0.5	0.25	5.0
32.518868584058325	1057.4768139872556	0.5	0.25	5.0
32.52325571729943	1057.76216245285	0.5	0.25	5.0
32.530774547255646	1058.2512926443758	0.5	0.25	5.0
32.55912189186424	1060.096418369273	0.5	0.25	5.0
32.59819872416124	1062.6425600599077	0.5	0.25	5.0
32.60199611715259	1062.8901508228323	0.5	0.25	5.0
32.67691860879492	1067.7810097658078	0.5	0.25	5.0
32.906017758590316	1082.8060047286613	0.5	0.25	5.0
32.98260118286106	1087.8519807876678	0.5	0.25	5.0
33.05477839520428	1092.6183747560638	0.5	0.25	5.0
33.43781681067509	1118.0875930642655	0.5	0.25	5.0
33.44568766178005	1118.6140231693462	0.5	0.25	5.0
33.5062853546577	1122.671158267749	0.5	0.25	5.0
33.86499306868587	1146.837755542142	0.5	0.25	5.0
33.93599509064299	1151.651762792145	0.5	0.25	5.0
33.99751682008302	1155.831149931828	0.5	0.25	5.0
34.1722869477814	1167.745195241511	0.5	0.25	5.0
34.21886069180581	1170.9304270452126	0.5	0.25	5.0
34.26972617717009	1174.414132258217	0.5	0.25	5.0
34.495585686697574	1189.9454318682945	0.5	0.25	5.0
34.5017794546458	1190.372785537019	0.5	0.25	5.0
34.582745748696794	1195.9663035190063	0.5	0.25	5.0
35.01213471836102	1225.849577536661	0.5	0.25	5.0
35.21828094233395	1240.3273125331625	0.5	0.25	5.0
35.27700751215518	1244.467259012653	0.5	0.25	5.0
61.84553419381676	3824.8700997185583	0.5	0.25	5.0
62.097321641316064	3856.0773550250606	0.5	0.25	5.0
62.144437614185215	3861.9311263833583	0.5	0.25	5.0
62.218880967556856	3871.1891488550086	0.5	0.25	5.0
62.26763815804904	3877.258761781725	0.5	0.25	5.0
62.4159848987314	3895.7551708786664	0.5	0.25	5.0
63.05219980178741	3975.5798998445202	0.5	0.25	5.0
63.05924213833869	3976.46801906163	0.5	0.25	5.0
63.08398456315622	3979.5891083645324	0.5	0.25	5.0
63.15096407957882	3988.0442641802542	0.5	0.25	5.0
63.16095163808332	3989.3058118282997	0.5	0.25	5.0
63.22921462305939	3997.9335818489076	0.5	0.25	5.0
63.5388336798061	4037.1833853900625	0.5	0.25	5.0
64.03129364762295	4100.006566188119	0.5	0.25	5.0
64.06288745317052	4104.053548837593	0.5	0.25	5.0
64.12476615141586	4111.985633973769	0.5	0.25	5.0
64.1560364141118	4115.997008368839	0.5	0.25	5.0
64.60601003682525	4173.936532878365	0.5	0.25	5.0
65.05345698184507	4231.952265288767	0.5	0.25	5.0
65.05528135503758	4232.1896321831	0.5	0.25	5.0
65.07796284078556	4235.141247506666	0.5	0.25	5.0
65.15087593209938	4244.636634719806	0.5	0.25	5.0
65.15440534380188	4245.09653570444	0.5	0.25	5.0
65.23118764949058	4255.107842163052	0.5	0.25	5.0
65.75800426710003	4324.115125191946	0.5	0.25	5.0
66.09607802211177	4368.691529905086	0.5	0.25	5.0
66.13357414567899	4373.649629282021	0.5	0.25	5.0
66.22042183514802	4385.144268024948	0.5	0.25	5.0
66.23113785915581	4386.563622118501	0.5	0.25	5.0
66.33117014179707	4399.824132380031	0.5	0.25	5.0
29.606099897818165	876.5211511595887	0.0	0.0	6.0
29.678549312234185	880.8162892787162	0.0	0.0	6.0
29.737493096780078	884.3184956810428	0.0	0.0	6.0
29.78568025662247	887.1867483497496	0.0	0.0	6.0
30.083373061751125	905.0093347724933	0.0	0.0	6.0
30.189359285293193	911.3974140565183	0.0	0.0	6.0
30.78560135996732	947.7532510948217	0.0	0.0	6.0
30.836603643314138	950.8961242548547	0.0	0.0	6.0
30.87069281738122	952.9996750251124	0.0	0.0	6.0
30.909744336771166	955.4122949645572	0.0	0.0	6.0
30.961054801418918	958.5869144164654	0.0	0.0	6.0
31.0	961.0	0.0	0.0	6.0
31.25827696160138	977.0798786081795	0.0	0.0	6.0
31.327193250241066	981.3930369379494	0.0	0.0	6.0
32.39718543184573	1049.577623905397	0.0	0.0	6.0
32.431505484122	1051.8025479666353	0.0	0.0	6.0
32.50409128222999	1056.5159500835398	0.0	0.0	6.0
32.539188872810904	1058.7988125004608	0.0	0.0	6.0
32.7371204372907	1071.7190545256763	0.0	0.0	6.0
32.813266596268186	1076.7104647177696	0.0	0.0	6.0
32.827137373942236	1077.6209481676751	0.0	0.0	6.0
32.90426383372987	1082.6905784397036	0.0	0.0	6.0
32.95454654057832	1086.0021376951424	0.0	0.0	6.0
33.00000000000001	1089.0000000000005	0.0	0.0	6.0
33.488616888957374	1121.487461135361	0.0	0.0	6.0
33.549679233670275	1125.5809766821665	0.0	0.0	6.0
33.62598980382051	1130.7071902866408	0.0	0.0	6.0
33.67513087056665	1134.0144391497909	0.0	0.0	6.0
33.81959698608244	1143.7651403010364	0.0	0.0	6.0
33.940279712984186	1151.9425869956058	0.0	0.0	6.0
60.939629310523216	3713.6384205039803	0.0	0.0	6.0
61.073516553791634	3729.9744242462607	0.0	0.0	6.0
61.10518771930898	3733.843966211989	0.0	0.0	6.0
61.12166378592355	3735.8577839594786	0.0	0.0	6.0
61.3847643566869	3768.0892951259784	0.0	0.0	6.0
61.62081310473954	3797.1246076892403	0.0	0.0	6.0
61.72495367657095	3809.9699063748294	0.0	0.0	6.0
61.8167520188195	3821.3108301562247	0.0	0.0	6.0
61.82539004869945	3822.3788546738247	0.0	0.0	6.0
61.95023777559806	3837.831960453137	0.0	0.0	6.0
62.31753794641305	3883.47553570263	0.0	0.0	6.0
62.36016298732674	3888.789927805956	0.0	0.0	6.0
62.49559183288155	3905.6989985421314	0.0	0.0	6.0
62.69857466388951	3931.1112648833273	0.0	0.0	6.0
62.75682692760048	3938.4193260208003	0.0	0.0	6.0
62.837082418251775	3948.4989268381664	0.0	0.0	6.0
62.980773731672336	3966.577859840108	0.0	0.0	6.0
63.015025496756635	3970.893438356889	0.0	0.0	6.0
63.02339918009953	3971.94884421417	0.0	0.0	6.0
63.03502319681576	3973.4141494231008	0.0	0.0	6.0
63.04078803872122	3974.1409565429763	0.0	0.0	6.0
63.34492742064422	4012.579829926684	0.0	0.0	6.0
63.35654068108218	4014.051247073621	0.0	0.0	6.0
63.3681785511862	4015.5260528950143	0.0	0.0	6.0
63.451799524246276	4026.13086286514	0.0	0.0	6.0
63.529298737701524	4035.9717981041244	0.0	0.0	6.0
63.54283594115713	4037.6919994448103	0.0	0.0	6.0
64.01388292846066	4097.777207578667	0.0	0.0	6.0
64.03566838551512	4100.566825579661	0.0	0.0	6.0
64.03890451144483	4100.981291025949	0.0	0.0	6.0
64.06694118308499	4104.572952556872	0.0	0.0	6.0
64.10049792529205	4108.87383427037	0.0	0.0	6.0
64.4036790541683	4147.833875712316	0.0	0.0	6.0
64.44587721766183	4153.271090353945	0.0	0.0	6.0
64.49591592884374	4159.72317150048	0.0	0.0	6.0
64.56848632839358	4169.089426739948	0.0	0.0	6.0
64.57725383442072	4170.221712795205	0.0	0.0	6.0
64.67304926035106	4182.603300631796	0.0	0.0	6.0
64.76407183484476	4194.385000628932	0.0	0.0	6.0
64.7644162335329	4194.4296100702995	0.0	0.0	6.0
64.96269649845173	4220.151936349953	0.0	0.0	6.0
64.99190715267369	4223.947995341758	0.0	0.0	6.0
65.02552103751978	4228.318386200927	0.0	0.0	6.0
65.04242457932918	4230.5169951577245	0.0	0.0	6.0
65.05343990880175	4231.9500439680805	0.0	0.0	6.0
65.25756995810325	4258.550436836739	0.0	0.0	6.0
65.28316644926295	4261.891821642172	0.0	0.0	6.0
65.42104793065957	4279.913512345656	0.0	0.0	6.0
65.69697781650954	4316.0928942229475	0.0	0.0	6.0
65.69910192148568	4316.371993289763	0.0	0.0	6.0
65.77676193084588	4326.582410107176	0.0	0.0	6.0
65.98111230919264	4353.507181558292	0.0	0.0	6.0
66.0771897703666	4366.195007949041	0.0	0.0	6.0
66.149628628225	4375.773367652085	0.0	0.0	6.0
67.00760593107546	4490.019252614299	0.0	0.0	6.0
67.07264119563611	4498.739196958542	0.0	0.0	6.0
67.07783826107459	4499.436385778882	0.0	0.0	6.0
67.1432669928256	4508.218302469864	0.0	0.0	6.0
67.2380389301938	4520.953879178256	0.0	0.0	6.0
67.2575141498986	4523.57320962381	0.0	0.0	6.0
96.03297801847324	9222.332867096566	0.0	0.0	6.0
96.06180572940036	9227.870519993055	0.0	0.0	6.0
96.07402347692874	9230.217987045455	0.0	0.0	6.0
96.10626265202637	9236.41372094028	0.0	0.0	6.0
96.12490586509071	9239.99752757255	0.0	0.0	6.0
96.21128134587353	9256.610658214831	0.0	0.0	6.0
96.24799003389558	9263.675585564863	0.0	0.0	6.0
96.25534411761366	9265.091271200223	0.0	0.0	6.0
96.3313055547333	9279.720429879391	0.0	0.0	6.0
96.435410170617	9299.788334775141	0.0	0.0	6.0
60.73030528648597	3688.169980189786	-0.5	0.25	7.0
60.785680256622484	3694.8989242603443	-0.5	0.25	7.0
61.5187301997846	3784.55416539389	-0.5	0.25	7.0
61.67994885678316	3804.416090975387	-0.5	0.25	7.0
62.26639417098587	3877.103843056583	-0.5	0.25	7.0
62.32486912943336	3884.3893120009952	-0.5	0.25	7.0
62.65639963198646	3925.824414843193	-0.5	0.25	7.0
62.740065769486044	3936.3158527594346	-0.5	0.25	7.0
62.785680256622506	3942.041645286837	-0.5	0.25	7.0
62.9548713334632	3963.315824612907	-0.5	0.25	7.0
63.37392554271983	4016.2544386941972	-0.5	0.25	7.0
63.423308692773496	4022.516085538838	-0.5	0.25	7.0
63.460811127189096	4027.2745489207673	-0.5	0.25	7.0
63.48656002961766	4030.543304394246	-0.5	0.25	7.0
63.539188872810875	4037.2285226147333	-0.5	0.25	7.0
63.943883696686854	4088.820262215415	-0.5	0.25	7.0
64.00000000000003	4096.000000000004	-0.5	0.25	7.0
64.327506161474	4138.028048954476	-0.5	0.25	7.0
64.34608247605526	4140.418330015305	-0.5	0.25	7.0
64.59883634291216	4173.009656858349	-0.5	0.25	7.0
64.67513087056662	4182.872553124919	-0.5	0.25	7.0
64.81520367844044	4201.010627877719	-0.5	0.25	7.0
65.48570843969826	4288.378009849168	-0.5	0.25	7.0
65.5391888728109	4295.3852781059795	-0.5	0.25	7.0
65.98636260392159	4354.200049696222	-0.5	0.25	7.0
66.16690718166663	4378.059605987287	-0.5	0.25	7.0
66.21431974337752	4384.336139078234	-0.5	0.25	7.0
66.59051078361776	4434.2961264231135	-0.5	0.25	7.0
66.67513087056666	4445.573076607191	-0.5	0.25	7.0
67.0157095107512	4491.105321229388	-0.5	0.25	7.0
94.11224311551682	8857.114304234143	-0.5	0.25	7.0
94.12775819111019	8860.03486208411	-0.5	0.25	7.0
94.35369566865855	8902.619886333834	-0.5	0.25	7.0
94.49332679628957	8928.988809030376	-0.5	0.25	7.0
95.0219293216013	9029.167051999393	-0.5	0.25	7.0
95.07256803363259	9038.793192509698	-0.5	0.25	7.0
95.14004716270041	9051.62857412086	-0.5	0.25	7.0
95.1673410902988	9056.822810197275	-0.5	0.25	7.0
95.48235347435494	9116.87982500166	-0.5	0.25	7.0
95.58502171680036	9136.496376601195	-0.5	0.25	7.0
96.0313119341197	9222.0128717882	-0.5	0.25	7.0
96.06675139911843	9228.820724380023	-0.5	0.25	7.0
97.01906880885582	9412.6997125375	-0.5	0.25	7.0
97.07089773900891	9422.759187857126	-0.5	0.25	7.0
97.08486885150487	9425.4717599139	-0.5	0.25	7.0
97.19880288779106	9447.60728281966	-0.5	0.25	7.0
98.08109620213065	9619.901432211607	-0.5	0.25	7.0
98.14129063485072	9631.712927474238	-0.5	0.25	7.0
98.24931416828301	9652.927734537976	-0.5	0.25	7.0
98.39309241406303	9681.200634802348	-0.5	0.25	7.0
93.32486912943334	8709.53119802586	-1.0	1.0	8.0
93.78568025662246	8795.753821197422	-1.0	1.0	8.0
94.46081112718909	8922.84483880649	-1.0	1.0	8.0
95.32486912943335	9086.830674543597	-1.0	1.0	8.0
96.00000000000003	9216.000000000005	-1.0	1.0	8.0
96.4608111271891	9304.68808331525	-1.0	1.0	8.0
96.53918887281084	9319.814988220245	-1.0	1.0	8.0
97.21431974337753	9450.623963167642	-1.0	1.0	8.0
97.67513087056662	9540.431190582316	-1.0	1.0	8.0
99.21431974337753	9843.481242141152	-1.0	1.0	8.0
-1.6751308705666417	2.8060634335253547	2.0	4.0	4.0
-0.9999999999999999	0.9999999999999998	2.0	4.0	4.0
-0.5391888728108882	0.29072464056307623	2.0	4.0	4.0
1.0000000000000029	1.0000000000000058	2.0	4.0	4.0
2.2143197433775352	4.903211925911553	2.0	4.0	4.0
-0.25978594839856584	0.06748873898534231	1.5	2.25	5.0
-0.1870133294613865	0.03497398539623309	1.5	2.25	5.0
-0.144073572118387	0.020757194182952063	1.5	2.25	5.0
-0.03242437546522881	0.001051340124310132	1.5	2.25	5.0
6.778605454726971e-14	4.594949191085425e-27	1.5	2.25	5.0
28.791951635267893	828.9764789676054	1.5	2.25	5.0
29.48237662236032	869.2105313026983	1.5	2.25	5.0
29.814235556229242	888.888641802324	1.5	2.25	5.0
30.109333448084957	906.5719606879676	1.5	2.25	5.0
30.58658015934175	935.5388858438384	1.5	2.25	5.0
30.973519066642677	959.3588833716774	1.5	2.25	5.0
31.37157937755776	984.1759926424074	1.5	2.25	5.0
31.402089216353627	986.0912071518327	1.5	2.25	5.0
31.580848714733737	997.3500055428995	1.5	2.25	5.0
31.999999999999993	1023.9999999999995	1.5	2.25	5.0
32.024940110898704	1025.5967891066487	1.5	2.25	5.0
32.518868584058325	1057.4768139872556	1.5	2.25	5.0
32.60199611715257	1062.890150822831	1.5	2.25	5.0
32.67691860879493	1067.7810097658082	1.5	2.25	5.0
33.0547783952043	1092.6183747560651	1.5	2.25	5.0
33.506285354657706	1122.6711582677494	1.5	2.25	5.0
33.99751682008301	1155.831149931827	1.5	2.25	5.0
34.26972617717011	1174.414132258218	1.5	2.25	5.0
34.58274574869681	1195.9663035190072	1.5	2.25	5.0
35.27700751215519	1244.4672590126536	1.5	2.25	5.0
29.606099897818154	876.5211511595882	1.0	1.0	6.0
29.737493096780042	884.3184956810406	1.0	1.0	6.0
29.78568025662245	887.1867483497483	1.0	1.0	6.0
30.1893592852932	911.3974140565188	1.0	1.0	6.0
30.83660364331414	950.896124254855	1.0	1.0	6.0
30.909744336771148	955.412294964556	1.0	1.0	6.0
30.961054801418896	958.5869144164641	1.0	1.0	6.0
31.000000000000014	961.0000000000009	1.0	1.0	6.0
31.327193250241073	981.3930369379499	1.0	1.0	6.0
32.39718543184573	1049.577623905397	1.0	1.0	6.0
32.50409128222999	1056.5159500835398	1.0	1.0	6.0
32.53918887281091	1058.7988125004615	1.0	1.0	6.0
32.81326659626818	1076.7104647177691	1.0	1.0	6.0
32.827137373942215	1077.6209481676738	1.0	1.0	6.0
32.954546540578306	1086.0021376951415	1.0	1.0	6.0
33.0	1089.0	1.0	1.0	6.0
33.48861688895738	1121.4874611353616	1.0	1.0	6.0
33.62598980382048	1130.707190286639	1.0	1.0	6.0
33.67513087056666	1134.0144391497918	1.0	1.0	6.0
33.94027971298419	1151.9425869956065	1.0	1.0	6.0
61.073516553791656	3729.9744242462634	1.0	1.0	6.0
61.12166378592355	3735.8577839594786	1.0	1.0	6.0
61.38476435668687	3768.0892951259752	1.0	1.0	6.0
61.8167520188195	3821.3108301562247	1.0	1.0	6.0
61.95023777559807	3837.831960453138	1.0	1.0	6.0
62.36016298732676	3888.7899278059585	1.0	1.0	6.0
62.4955918328816	3905.6989985421374	1.0	1.0	6.0
62.756826927600464	3938.4193260207985	1.0	1.0	6.0
63.03502319681576	3973.4141494231008	1.0	1.0	6.0
63.04078803872124	3974.140956542979	1.0	1.0	6.0
63.356540681082215	4014.0512470736257	1.0	1.0	6.0
63.36817855118621	4015.526052895016	1.0	1.0	6.0
63.52929873770156	4035.971798104129	1.0	1.0	6.0
64.0356683855151	4100.566825579657	1.0	1.0	6.0
64.06694118308498	4104.57295255687	1.0	1.0	6.0
64.10049792529206	4108.873834270372	1.0	1.0	6.0
64.49591592884373	4159.723171500478	1.0	1.0	6.0
64.57725383442073	4170.221712795207	1.0	1.0	6.0
64.67304926035105	4182.603300631794	1.0	1.0	6.0
64.7640718348447	4194.385000628925	1.0	1.0	6.0
65.04242457932918	4230.5169951577245	1.0	1.0	6.0
65.05343990880176	4231.950043968082	1.0	1.0	6.0
65.25756995810323	4258.550436836737	1.0	1.0	6.0
65.42104793065961	4279.913512345663	1.0	1.0	6.0
65.6991019214857	4316.371993289767	1.0	1.0	6.0
65.7767619308459	4326.582410107178	1.0	1.0	6.0
66.14962862822497	4375.773367652081	1.0	1.0	6.0
67.07783826107466	4499.436385778891	1.0	1.0	6.0
67.14326699282562	4508.218302469866	1.0	1.0	6.0
67.25751414989861	4523.573209623812	1.0	1.0	6.0
60.73030528648598	3688.169980189787	0.5	0.25	7.0
60.78568025662248	3694.898924260344	0.5	0.25	7.0
61.51873019978459	3784.554165393889	0.5	0.25	7.0
61.67994885678315	3804.416090975385	0.5	0.25	7.0
62.26639417098591	3877.103843056588	0.5	0.25	7.0
62.32486912943337	3884.389312000996	0.5	0.25	7.0
62.65639963198645	3925.8244148431922	0.5	0.25	7.0
62.74006576948607	3936.315852759438	0.5	0.25	7.0
62.78568025662244	3942.041645286829	0.5	0.25	7.0
62.95487133346316	3963.3158246129015	0.5	0.25	7.0
63.37392554271986	4016.254438694201	0.5	0.25	7.0
63.423308692773496	4022.516085538838	0.5	0.25	7.0
63.460811127189125	4027.274548920771	0.5	0.25	7.0
63.48656002961764	4030.5433043942444	0.5	0.25	7.0
63.53918887281091	4037.228522614738	0.5	0.25	7.0
63.94388369668685	4088.820262215414	0.5	0.25	7.0
64.0	4096.0	0.5	0.25	7.0
64.32750616147389	4138.028048954461	0.5	0.25	7.0
64.34608247605523	4140.418330015302	0.5	0.25	7.0
64.5988363429122	4173.009656858353	0.5	0.25	7.0
64.67513087056666	4182.872553124925	0.5	0.25	7.0
64.81520367844044	4201.010627877719	0.5	0.25	7.0
65.48570843969827	4288.37800984917	0.5	0.25	7.0
65.5391888728109	4295.3852781059795	0.5	0.25	7.0
65.98636260392159	4354.200049696222	0.5	0.25	7.0
66.16690718166666	4378.0596059872905	0.5	0.25	7.0
66.21431974337754	4384.3361390782375	0.5	0.25	7.0
66.59051078361776	4434.2961264231135	0.5	0.25	7.0
66.67513087056668	4445.573076607193	0.5	0.25	7.0
67.0157095107512	4491.105321229388	0.5	0.25	7.0
94.11224311551676	8857.114304234132	0.5	0.25	7.0
94.1277581911102	8860.034862084114	0.5	0.25	7.0
94.3536956686585	8902.619886333827	0.5	0.25	7.0
94.49332679628952	8928.988809030368	0.5	0.25	7.0
95.02192932160133	9029.167051999399	0.5	0.25	7.0
95.07256803363259	9038.793192509698	0.5	0.25	7.0
95.14004716270041	9051.62857412086	0.5	0.25	7.0
95.16734109029883	9056.82281019728	0.5	0.25	7.0
95.48235347435492	9116.879825001657	0.5	0.25	7.0
95.58502171680031	9136.496376601188	0.5	0.25	7.0
96.03131193411974	9222.012871788209	0.5	0.25	7.0
96.06675139911837	9228.820724380012	0.5	0.25	7.0
97.01906880885585	9412.699712537506	0.5	0.25	7.0
97.07089773900896	9422.759187857135	0.5	0.25	7.0
97.0848688515049	9425.471759913906	0.5	0.25	7.0
97.19880288779109	9447.607282819665	0.5	0.25	7.0
98.08109620213067	9619.90143221161	0.5	0.25	7.0
98.14129063485073	9631.71292747424	0.5	0.25	7.0
98.24931416828304	9652.927734537981	0.5	0.25	7.0
98.39309241406295	9681.200634802331	0.5	0.25	7.0
93.32486912943337	8709.531198025865	0.0	0.0	8.0
93.57088487638852	8755.510496550354	0.0	0.0	8.0
93.69349538249726	8778.471076990036	0.0	0.0	8.0
93.7856802566225	8795.753821197432	0.0	0.0	8.0
94.46081112718912	8922.844838806495	0.0	0.0	8.0
94.78389499494332	8983.986750412441	0.0	0.0	8.0
94.96973860115564	9019.251249971832	0.0	0.0	8.0
95.32486912943338	9086.830674543602	0.0	0.0	8.0
95.48285203898087	9116.975033497913	0.0	0.0	8.0
95.99999999999999	9215.999999999998	0.0	0.0	8.0
96.36908382837069	9287.000317919537	0.0	0.0	8.0
96.39882601286922	9292.733656659431	0.0	0.0	8.0
96.46081112718912	9304.688083315252	0.0	0.0	8.0
96.53918887281087	9319.81498822025	0.0	0.0	8.0
96.94588188980246	9398.504015391529	0.0	0.0	8.0
97.21431974337747	9450.62396316763	0.0	0.0	8.0
97.67513087056665	9540.431190582322	0.0	0.0	8.0
97.95805788485178	9595.781104571972	0.0	0.0	8.0
99.19254571268985	9839.161124964065	0.0	0.0	8.0
99.21431974337753	9843.481242141152	0.0	0.0	8.0
128.01385548745	16387.547196761734	0.0	0.0	8.0
128.06055050958656	16399.50459681837	0.0	0.0	8.0
128.08682022084355	16406.233514286694	0.0	0.0	8.0
128.17140001738727	16427.9077824171	0.0	0.0	8.0
128.302112542183	16461.432082786996	0.0	0.0	8.0
126.32486912943334	15957.97256056846	-0.5	0.25	9.0
126.99999999999997	16128.999999999993	-0.5	0.25	9.0
127.46081112718909	16246.25837320097	-0.5	0.25	9.0
128.99999999999997	16640.999999999993	-0.5	0.25	9.0
130.21431974337747	16955.769066230543	-0.5	0.25	9.0
0.0	0.0	2.5	6.25	5.0
29.785680256622452	887.1867483497485	2.0	4.0	6.0
30.999999999999996	960.9999999999998	2.0	4.0	6.0
32.5391888728109	1058.7988125004604	2.0	4.0	6.0
32.999999999999986	1088.999999999999	2.0	4.0	6.0
33.675130870566626	1134.0144391497893	2.0	4.0	6.0
60.785680256622484	3694.8989242603443	1.5	2.25	7.0
62.32486912943334	3884.3893120009925	1.5	2.25	7.0
62.78568025662246	3942.0416452868317	1.5	2.25	7.0
63.46081112718911	4027.274548920769	1.5	2.25	7.0
63.53918887281088	4037.228522614734	1.5	2.25	7.0
64.0	4096.0	1.5	2.25	7.0
64.67513087056663	4182.872553124921	1.5	2.25	7.0
65.53918887281088	4295.385278105978	1.5	2.25	7.0
66.21431974337749	4384.336139078229	1.5	2.25	7.0
66.67513087056665	4445.573076607189	1.5	2.25	7.0
93.32486912943334	8709.53119802586	1.0	1.0	8.0
93.78568025662246	8795.753821197422	1.0	1.0	8.0
94.46081112718909	8922.84483880649	1.0	1.0	8.0
95.32486912943335	9086.830674543597	1.0	1.0	8.0
96.00000000000003	9216.000000000005	1.0	1.0	8.0
96.4608111271891	9304.68808331525	1.0	1.0	8.0
96.53918887281084	9319.814988220245	1.0	1.0	8.0
97.21431974337753	9450.623963167642	1.0	1.0	8.0
97.67513087056662	9540.431190582316	1.0	1.0	8.0
99.21431974337753	9843.481242141152	1.0	1.0	8.0
126.32486912943334	15957.97256056846	0.5	0.25	9.0
126.99999999999997	16128.999999999993	0.5	0.25	9.0
127.46081112718909	16246.25837320097	0.5	0.25	9.0
128.99999999999997	16640.999999999993	0.5	0.25	9.0
130.21431974337747	16955.769066230543	0.5	0.25	9.0
160.0	25600.0	0.0	0.0	10.0
