E	Esq	M	Msq	N_tot
0.0	0.0	0.0	0.0	0.0
-2.9354323319700266	8.61676297557499	-0.5	0.25	1.0
-0.6180339887498918	0.3819660112501014	-0.5	0.25	1.0
0.4625984229747757	0.2139973009387495	-0.5	0.25	1.0
1.4728339089952553	2.169239723486244	-0.5	0.25	1.0
1.6180339887498945	2.6180339887498936	-0.5	0.25	1.0
-3.5534663207199295	12.627122892490833	-1.0	1.0	2.0
-2.472833908995258	6.114907541476767	-1.0	1.0	2.0
-1.4625984229747737	2.139194146888295	-1.0	1.0	2.0
-1.3173983432201344	1.735538394719155	-1.0	1.0	2.0
-0.15543556577511763	0.02416021510783092	-1.0	1.0	2.0
0.8547999202453611	0.7306829036514757	-1.0	1.0	2.0
1.0000000000000049	1.0000000000000098	-1.0	1.0	2.0
1.9354323319700304	3.74589831163495	-1.0	1.0	2.0
2.080632411724668	4.329031232719209	-1.0	1.0	2.0
3.090867897745151	9.553464361311528	-1.0	1.0	2.0
-3.0908678977451505	9.553464361311526	-1.5	2.25	3.0
-2.08063241172467	4.329031232719217	-1.5	2.25	3.0
-1.9354323319700304	3.74589831163495	-1.5	2.25	3.0
-1.0000000000000004	1.0000000000000009	-1.5	2.25	3.0
-0.8547999202453611	0.7306829036514757	-1.5	2.25	3.0
0.1554355657751203	0.02416021510783175	-1.5	2.25	3.0
1.3173983432201344	1.735538394719155	-1.5	2.25	3.0
1.4625984229747755	2.1391941468883005	-1.5	2.25	3.0
2.4728339089952542	6.114907541476749	-1.5	2.25	3.0
3.553466320719924	12.627122892490796	-1.5	2.25	3.0
-1.6180339887498951	2.618033988749896	-2.0	4.0	4.0
-1.4728339089952556	2.169239723486245	-2.0	4.0	4.0
-0.4625984229747755	0.2139973009387493	-2.0	4.0	4.0
0.6180339887498945	0.38196601125010465	-2.0	4.0	4.0
2.9354323319700257	8.616762975574984	-2.0	4.0	4.0
0.0	0.0	-2.5	6.25	5.0
-2.9354323319700266	8.61676297557499	0.5	0.25	1.0
-0.6180339887498918	0.3819660112501014	0.5	0.25	1.0
0.4625984229747757	0.2139973009387495	0.5	0.25	1.0
1.4728339089952553	2.169239723486244	0.5	0.25	1.0
1.6180339887498945	2.6180339887498936	0.5	0.25	1.0
-4.717422711614693	22.254077040058128	0.0	0.0	2.0
-3.5534663207199237	12.627122892490792	0.0	0.0	2.0
-2.47283390899526	6.114907541476778	0.0	0.0	2.0
-2.3923415182971954	5.72329794016853	0.0	0.0	2.0
-1.4625984229747742	2.1391941468882965	0.0	0.0	2.0
-1.3727109189842848	1.8843352670986797	0.0	0.0	2.0
-1.3173983432201362	1.7355383947191596	0.0	0.0	2.0
-0.6045774230027359	0.365513860404629	0.0	0.0	2.0
-0.416576230305683	0.17353575565569346	0.0	0.0	2.0
-0.15543556577512252	0.02416021510783244	0.0	0.0	2.0
0.5143950390421734	0.26460225619119915	0.0	0.0	2.0
0.8547999202453607	0.7306829036514749	0.0	0.0	2.0
0.9380239192971267	0.8798888731735425	0.0	0.0	2.0
1.0	1.0	0.0	0.0	2.0
1.6940675927265643	2.8698650087263764	0.0	0.0	2.0
1.9354323319700217	3.7458983116349165	0.0	0.0	2.0
2.080632411724663	4.329031232719187	0.0	0.0	2.0
2.163146970540721	4.679204816159499	0.0	0.0	2.0
2.583090178486697	6.672354870194435	0.0	0.0	2.0
3.090867897745147	9.553464361311503	0.0	0.0	2.0
16.137916575293858	260.4323513911442	0.0	0.0	2.0
16.154854323532295	260.97931821455006	0.0	0.0	2.0
16.3372330186405	266.9051827053574	0.0	0.0	2.0
16.33788826822225	266.92659306491424	0.0	0.0	2.0
16.643012916422425	276.98987893620364	0.0	0.0	2.0
-4.542332543192188	20.632784932942812	-0.5	0.25	3.0
-3.658339945565981	13.383451157323703	-0.5	0.25	3.0
-3.0908678977451416	9.553464361311471	-0.5	0.25	3.0
-2.880836902387859	8.299221258159674	-0.5	0.25	3.0
-2.835561544633414	8.040409273403833	-0.5	0.25	3.0
-2.186485138692394	4.780717261722697	-0.5	0.25	3.0
-2.080632411724654	4.32903123271915	-0.5	0.25	3.0
-1.9354323319700164	3.7458983116348956	-0.5	0.25	3.0
-1.587458146224769	2.52002336601538	-0.5	0.25	3.0
-1.0415978036110936	1.0849259844874541	-0.5	0.25	3.0
-1.0	1.0	-0.5	0.25	3.0
-0.8547999202453518	0.7306829036514598	-0.5	0.25	3.0
-0.6596007067381571	0.4350730923294763	-0.5	0.25	3.0
-0.5462135877389542	0.29834928343066025	-0.5	0.25	3.0
-0.21736817617017934	0.04724892401155012	-0.5	0.25	3.0
0.05282296897091143	0.002790266050901872	-0.5	0.25	3.0
0.1554355657751323	0.024160215107835475	-0.5	0.25	3.0
0.3774806072134176	0.14249160882221046	-0.5	0.25	3.0
0.7666093012774056	0.587689820805032	-0.5	0.25	3.0
0.9781819664527802	0.956839959493428	-0.5	0.25	3.0
1.317398343220134	1.7355383947191538	-0.5	0.25	3.0
1.3373795664817827	1.788584104843001	-0.5	0.25	3.0
1.3759702842903607	1.8932942232500962	-0.5	0.25	3.0
1.462598422974775	2.139194146888299	-0.5	0.25	3.0
2.09301983856529	4.380732044627873	-0.5	0.25	3.0
2.1441348180107305	4.597314117805908	-0.5	0.25	3.0
2.472833908995259	6.114907541476773	-0.5	0.25	3.0
2.800081645415828	7.84045722099461	-0.5	0.25	3.0
3.2807837753564932	10.763542180642405	-0.5	0.25	3.0
3.553466320719936	12.627122892490881	-0.5	0.25	3.0
13.384529186069173	179.14562153273752	-0.5	0.25	3.0
13.406214218989946	179.72657968544823	-0.5	0.25	3.0
13.791075461591586	190.19376238731357	-0.5	0.25	3.0
13.911988583715585	193.54342635343278	-0.5	0.25	3.0
14.918820128564118	222.57119402844987	-0.5	0.25	3.0
15.292207294373739	233.8516039340974	-0.5	0.25	3.0
15.44219642491645	238.4614304257024	-0.5	0.25	3.0
15.607597808234226	243.59710934359782	-0.5	0.25	3.0
16.274119758236147	264.84697390541214	-0.5	0.25	3.0
16.325898133782356	266.53494987463824	-0.5	0.25	3.0
16.59648924316975	275.4434551986492	-0.5	0.25	3.0
16.891494626065747	285.322590702408	-0.5	0.25	3.0
16.959860047428197	287.63685282835115	-0.5	0.25	3.0
17.333651886823194	300.45548773356927	-0.5	0.25	3.0
17.479786149202752	305.54292382186037	-0.5	0.25	3.0
17.957581487001097	322.4747328622845	-0.5	0.25	3.0
18.079795125154074	326.878991767545	-0.5	0.25	3.0
18.25222844692951	333.14384327890286	-0.5	0.25	3.0
18.397138381066505	338.4547006121103	-0.5	0.25	3.0
18.64665733160573	347.69782964232576	-0.5	0.25	3.0
-3.1962246327434016	10.215851902955693	-1.0	1.0	4.0
-2.5799244126020398	6.6560099747399795	-1.0	1.0	4.0
-2.1693935563597506	4.706268402375207	-1.0	1.0	4.0
-1.7537068268356997	3.0754876344901385	-1.0	1.0	4.0
-1.7202180555136835	2.959150158515278	-1.0	1.0	4.0
-1.6180339887498647	2.618033988749797	-1.0	1.0	4.0
-1.4728339089952343	2.1692397234861818	-1.0	1.0	4.0
-1.085087890221832	1.1774157295060663	-1.0	1.0	4.0
-0.9372239367062356	0.8783887075351339	-1.0	1.0	4.0
-0.574037555027644	0.32951911458211536	-1.0	1.0	4.0
-0.4625984229747502	0.21399730093872588	-1.0	1.0	4.0
-0.2557842759791846	0.06542559583819568	-1.0	1.0	4.0
0.5186142768946702	0.2689607681989817	-1.0	1.0	4.0
0.6180339887499002	0.3819660112501118	-1.0	1.0	4.0
0.707825139164985	0.5010164276339304	-1.0	1.0	4.0
1.3349157555298703	1.7820000743618845	-1.0	1.0	4.0
1.788444116520573	3.1985323579170526	-1.0	1.0	4.0
2.2586971395030524	5.101712767999271	-1.0	1.0	4.0
2.5831314446824543	6.672568060507263	-1.0	1.0	4.0
2.935432331970027	8.616762975574991	-1.0	1.0	4.0
12.650082974380709	160.02459925871668	-1.0	1.0	4.0
12.663619863465678	160.36726804636248	-1.0	1.0	4.0
13.087296535803203	171.27733061604653	-1.0	1.0	4.0
13.557222549643612	183.79828326056523	-1.0	1.0	4.0
13.729217329073986	188.49140846894542	-1.0	1.0	4.0
14.08649096860275	198.42922780852683	-1.0	1.0	4.0
14.267954392943338	203.5745225591111	-1.0	1.0	4.0
14.668454425559446	215.1635552347145	-1.0	1.0	4.0
14.705682607989239	216.2571009669172	-1.0	1.0	4.0
15.099351965694314	227.99042978391674	-1.0	1.0	4.0
15.32476529837126	234.84843145016396	-1.0	1.0	4.0
15.549905404646088	241.79955809344162	-1.0	1.0	4.0
15.665643055837052	245.41237235289563	-1.0	1.0	4.0
15.734748900334559	247.5823229565796	-1.0	1.0	4.0
15.86397721041173	251.66577293246272	-1.0	1.0	4.0
16.258905271197953	264.3520006177886	-1.0	1.0	4.0
16.444529090717424	270.4225370154516	-1.0	1.0	4.0
16.62656702906372	276.4427311719488	-1.0	1.0	4.0
16.780071444834448	281.57079769374843	-1.0	1.0	4.0
16.93224969576931	286.7010797598799	-1.0	1.0	4.0
17.416647699982686	303.3396171053122	-1.0	1.0	4.0
17.719177444292477	313.96924930232325	-1.0	1.0	4.0
18.027200641742	324.97996297762313	-1.0	1.0	4.0
18.132986136739063	328.80518623517105	-1.0	1.0	4.0
18.282937368066143	334.26579880462936	-1.0	1.0	4.0
18.548882539549215	344.06104346599375	-1.0	1.0	4.0
18.885272931566217	356.65353369974764	-1.0	1.0	4.0
18.893881038632333	356.97874070199043	-1.0	1.0	4.0
19.735339941402447	389.4836426027147	-1.0	1.0	4.0
19.74091151338142	389.70358737915507	-1.0	1.0	4.0
-0.6208592790889007	0.3854662444307895	-1.5	2.25	5.0
-0.55417074766968	0.30710521757277215	-1.5	2.25	5.0
-0.37139785531123337	0.13793636692978384	-1.5	2.25	5.0
-0.19673477314889354	0.0387045709659466	-1.5	2.25	5.0
2.842170943040401e-14	8.077935669463161e-28	-1.5	2.25	5.0
12.605005536484509	158.88616457480512	-1.5	2.25	5.0
12.76876044103091	163.04124320043587	-1.5	2.25	5.0
13.505369063584254	182.39499354361863	-1.5	2.25	5.0
13.855141102769167	191.96493497764362	-1.5	2.25	5.0
14.352464095244947	205.99322560529538	-1.5	2.25	5.0
14.725546972935087	216.84173365211768	-1.5	2.25	5.0
15.518915295640184	240.83673195325485	-1.5	2.25	5.0
15.524848591743371	241.02092379655613	-1.5	2.25	5.0
15.999999999999993	255.99999999999977	-1.5	2.25	5.0
16.000000000000004	256.0000000000001	-1.5	2.25	5.0
16.00950127712379	256.30413114222824	-1.5	2.25	5.0
16.137671135193145	260.424429667646	-1.5	2.25	5.0
16.562991235284233	274.3326786601023	-1.5	2.25	5.0
16.592741081988326	275.3190566139031	-1.5	2.25	5.0
17.50352199520444	306.37328223660563	-1.5	2.25	5.0
17.71449536150277	313.80334591270315	-1.5	2.25	5.0
18.172694145579136	330.2468125087662	-1.5	2.25	5.0
18.830195107143684	354.5762477730979	-1.5	2.25	5.0
19.547207176873258	382.0933084156054	-1.5	2.25	5.0
19.81609303989348	392.6775433657149	-1.5	2.25	5.0
13.064567668029971	170.68292835253408	-2.0	4.0	6.0
15.381966011250109	236.6048783712536	-2.0	4.0	6.0
16.462598422974775	271.01714683613153	-2.0	4.0	6.0
17.472833908995256	305.29992481133445	-2.0	4.0	6.0
17.618033988749893	310.3951216287465	-2.0	4.0	6.0
-3.5534663207199295	12.627122892490833	1.0	1.0	2.0
-2.472833908995258	6.114907541476767	1.0	1.0	2.0
-1.4625984229747737	2.139194146888295	1.0	1.0	2.0
-1.3173983432201344	1.735538394719155	1.0	1.0	2.0
-0.15543556577511763	0.02416021510783092	1.0	1.0	2.0
0.8547999202453611	0.7306829036514757	1.0	1.0	2.0
1.0000000000000049	1.0000000000000098	1.0	1.0	2.0
1.9354323319700304	3.74589831163495	1.0	1.0	2.0
2.080632411724668	4.329031232719209	1.0	1.0	2.0
3.090867897745151	9.553464361311528	1.0	1.0	2.0
-4.542332543192181	20.632784932942748	0.5	0.25	3.0
-3.6583399455659773	13.383451157323679	0.5	0.25	3.0
-3.090867897745145	9.553464361311493	0.5	0.25	3.0
-2.8808369023878626	8.299221258159696	0.5	0.25	3.0
-2.8355615446334106	8.040409273403814	0.5	0.25	3.0
-2.1864851386923974	4.780717261722712	0.5	0.25	3.0
-2.080632411724654	4.32903123271915	0.5	0.25	3.0
-1.9354323319700129	3.745898311634882	0.5	0.25	3.0
-1.5874581462247903	2.520023366015448	0.5	0.25	3.0
-1.0415978036110936	1.0849259844874541	0.5	0.25	3.0
-0.9999999999999964	0.9999999999999929	0.5	0.25	3.0
-0.8547999202453518	0.7306829036514598	0.5	0.25	3.0
-0.65960070673815	0.4350730923294669	0.5	0.25	3.0
-0.5462135877389578	0.29834928343066414	0.5	0.25	3.0
-0.2173681761701829	0.04724892401155167	0.5	0.25	3.0
0.05282296897090788	0.0027902660509014966	0.5	0.25	3.0
0.15543556577512874	0.024160215107834372	0.5	0.25	3.0
0.3774806072134176	0.14249160882221046	0.5	0.25	3.0
0.766609301277402	0.5876898208050265	0.5	0.25	3.0
0.9781819664527802	0.956839959493428	0.5	0.25	3.0
1.3173983432201375	1.7355383947191632	0.5	0.25	3.0
1.3373795664817862	1.7885841048430104	0.5	0.25	3.0
1.3759702842903607	1.8932942232500962	0.5	0.25	3.0
1.4625984229747893	2.1391941468883404	0.5	0.25	3.0
2.09301983856529	4.380732044627873	0.5	0.25	3.0
2.1441348180107305	4.597314117805908	0.5	0.25	3.0
2.4728339089952662	6.114907541476809	0.5	0.25	3.0
2.8000816454158226	7.840457220994581	0.5	0.25	3.0
3.2807837753564897	10.763542180642382	0.5	0.25	3.0
3.5534663207199326	12.627122892490855	0.5	0.25	3.0
13.384529186069173	179.14562153273752	0.5	0.25	3.0
13.406214218989946	179.72657968544823	0.5	0.25	3.0
13.791075461591587	190.19376238731363	0.5	0.25	3.0
13.911988583715585	193.54342635343278	0.5	0.25	3.0
14.91882012856412	222.57119402844992	0.5	0.25	3.0
15.292207294373743	233.8516039340975	0.5	0.25	3.0
15.442196424916457	238.4614304257026	0.5	0.25	3.0
15.607597808234226	243.59710934359782	0.5	0.25	3.0
16.274119758236147	264.84697390541214	0.5	0.25	3.0
16.32589813378236	266.53494987463836	0.5	0.25	3.0
16.59648924316976	275.44345519864953	0.5	0.25	3.0
16.89149462606575	285.3225907024081	0.5	0.25	3.0
16.959860047428197	287.63685282835115	0.5	0.25	3.0
17.33365188682319	300.45548773356916	0.5	0.25	3.0
17.479786149202756	305.5429238218605	0.5	0.25	3.0
17.957581487001097	322.4747328622845	0.5	0.25	3.0
18.079795125154074	326.878991767545	0.5	0.25	3.0
18.252228446929518	333.14384327890315	0.5	0.25	3.0
18.397138381066505	338.4547006121103	0.5	0.25	3.0
18.64665733160573	347.69782964232576	0.5	0.25	3.0
-3.4586276558115383	11.962105261544417	0.0	0.0	4.0
-3.1962246327434034	10.215851902955704	0.0	0.0	4.0
-2.5799244126020304	6.6560099747399315	0.0	0.0	4.0
-2.318191305678739	5.374010929724496	0.0	0.0	4.0
-2.1693935563597493	4.7062684023752	0.0	0.0	4.0
-2.105108507823309	4.431481829710079	0.0	0.0	4.0
-1.7537068268357017	3.0754876344901456	0.0	0.0	4.0
-1.7202180555136815	2.9591501585152713	0.0	0.0	4.0
-1.704222506189848	2.9043743506040065	0.0	0.0	4.0
-1.6180339887498958	2.618033988749898	0.0	0.0	4.0
-1.4728339089952562	2.1692397234862466	0.0	0.0	4.0
-1.0923849569083357	1.1933048940796265	0.0	0.0	4.0
-1.085087890221836	1.177415729506075	0.0	0.0	4.0
-0.9372239367062272	0.8783887075351181	0.0	0.0	4.0
-0.5740375550276404	0.3295191145821113	0.0	0.0	4.0
-0.4625984229747715	0.21399730093874558	0.0	0.0	4.0
-0.25578427597917486	0.06542559583819069	0.0	0.0	4.0
0.17776747833598217	0.03160127635393389	0.0	0.0	4.0
0.5186142768946791	0.2689607681989909	0.0	0.0	4.0
0.6180339887498945	0.38196601125010465	0.0	0.0	4.0
0.707825139164981	0.5010164276339247	0.0	0.0	4.0
0.7361988878442998	0.5419888024631838	0.0	0.0	4.0
1.277112700883666	1.6310168507583722	0.0	0.0	4.0
1.3053688920203679	1.7039879442544827	0.0	0.0	4.0
1.3349157555298663	1.7820000743618738	0.0	0.0	4.0
1.7884441165205698	3.1985323579170415	0.0	0.0	4.0
2.1315403352719797	4.543464200891384	0.0	0.0	4.0
2.2586971395030537	5.1017127679992775	0.0	0.0	4.0
2.5831314446824556	6.67256806050727	0.0	0.0	4.0
2.935432331970031	8.616762975575014	0.0	0.0	4.0
11.863550410435952	140.74382834095505	0.0	0.0	4.0
11.908177076369672	141.80468128217615	0.0	0.0	4.0
12.650082974380707	160.02459925871665	0.0	0.0	4.0
12.663619863465675	160.3672680463624	0.0	0.0	4.0
12.785013387412267	163.4565673163109	0.0	0.0	4.0
12.816264024207896	164.2566235382056	0.0	0.0	4.0
13.087296535803198	171.27733061604638	0.0	0.0	4.0
13.557222549643608	183.79828326056514	0.0	0.0	4.0
13.729217329074004	188.49140846894593	0.0	0.0	4.0
13.849052254272767	191.7962483415776	0.0	0.0	4.0
14.086490968602735	198.42922780852643	0.0	0.0	4.0
14.101521403170448	198.85290588407423	0.0	0.0	4.0
14.267954392943356	203.5745225591116	0.0	0.0	4.0
14.282210699689438	203.98154247032346	0.0	0.0	4.0
14.581858351904987	212.63059299502123	0.0	0.0	4.0
14.668454425559432	215.16355523471407	0.0	0.0	4.0
14.70568260798925	216.2571009669175	0.0	0.0	4.0
14.746191481817416	217.4501632184245	0.0	0.0	4.0
15.099351965694307	227.99042978391654	0.0	0.0	4.0
15.124304826197374	228.74459647573718	0.0	0.0	4.0
15.324765298371254	234.8484314501638	0.0	0.0	4.0
15.351754609643436	235.6763695947085	0.0	0.0	4.0
15.54990540464608	241.79955809344133	0.0	0.0	4.0
15.62823059922627	244.24159166259233	0.0	0.0	4.0
15.665643055837053	245.4123723528957	0.0	0.0	4.0
15.681466545295386	245.9083930112184	0.0	0.0	4.0
15.734748900334555	247.5823229565795	0.0	0.0	4.0
15.863977210411718	251.66577293246237	0.0	0.0	4.0
15.943266729442321	254.18775400614246	0.0	0.0	4.0
16.152608607023293	260.90676481168293	0.0	0.0	4.0
16.176754106062493	261.6873734080097	0.0	0.0	4.0
16.226965540250287	263.3144106444703	0.0	0.0	4.0
16.258905271197946	264.35200061778835	0.0	0.0	4.0
16.444529090717424	270.4225370154516	0.0	0.0	4.0
16.626567029063708	276.44273117194837	0.0	0.0	4.0
16.672907014313548	277.9858283079459	0.0	0.0	4.0
16.71408029931915	279.3604802520885	0.0	0.0	4.0
16.780071444834444	281.5707976937483	0.0	0.0	4.0
16.932249695769308	286.7010797598798	0.0	0.0	4.0
16.958942603411813	287.60573422581626	0.0	0.0	4.0
17.08567382865274	291.9202501791092	0.0	0.0	4.0
17.308687106408723	299.5906493475596	0.0	0.0	4.0
17.416647699982683	303.3396171053121	0.0	0.0	4.0
17.622270415077946	310.5444145821314	0.0	0.0	4.0
17.71917744429249	313.96924930232376	0.0	0.0	4.0
17.87056795124094	319.3571988999198	0.0	0.0	4.0
17.894997496762983	320.2309354091534	0.0	0.0	4.0
18.02720064174198	324.9799629776225	0.0	0.0	4.0
18.13298613673906	328.80518623517094	0.0	0.0	4.0
18.282937368066147	334.26579880462947	0.0	0.0	4.0
18.410183848090995	338.93486932051053	0.0	0.0	4.0
18.477231628836847	341.40808866568875	0.0	0.0	4.0
18.548882539549215	344.06104346599375	0.0	0.0	4.0
18.885272931566206	356.65353369974724	0.0	0.0	4.0
18.89388103863232	356.97874070198986	0.0	0.0	4.0
19.065716642908335	363.50155110767184	0.0	0.0	4.0
19.212007503045914	369.1012322970925	0.0	0.0	4.0
19.474870404466394	379.27057727076107	0.0	0.0	4.0
19.735339941402454	389.483642602715	0.0	0.0	4.0
19.74091151338145	389.7035873791564	0.0	0.0	4.0
32.21813169592718	1038.0080099761074	0.0	0.0	4.0
32.22401725054615	1038.3872877634956	0.0	0.0	4.0
32.31024793203311	1043.9521214294496	0.0	0.0	4.0
32.31829353614178	1044.4720970882236	0.0	0.0	4.0
32.38208876534483	1048.599672806672	0.0	0.0	4.0
32.54469644440462	1059.1572666584427	0.0	0.0	4.0
32.645500243798764	1065.7286861678651	0.0	0.0	4.0
32.656174680611834	1066.4257447706334	0.0	0.0	4.0
32.73507428785338	1071.5850886312794	0.0	0.0	4.0
33.028994406435686	1090.91447150036	0.0	0.0	4.0
-0.8969489203007228	0.8045173656286324	-0.5	0.25	5.0
-0.8319288883630946	0.6921056752930543	-0.5	0.25	5.0
-0.7435660341395831	0.5528904471260677	-0.5	0.25	5.0
-0.6208592790889043	0.3854662444307939	-0.5	0.25	5.0
-0.5728602727538578	0.3281688920996243	-0.5	0.25	5.0
-0.5541707476696586	0.3071052175727484	-0.5	0.25	5.0
-0.4063701581641929	0.16513670544639117	-0.5	0.25	5.0
-0.37139785531119895	0.13793636692975828	-0.5	0.25	5.0
-0.19673477314886867	0.03870457096593682	-0.5	0.25	5.0
4.973799150320701e-14	2.473867798773093e-27	-0.5	0.25	5.0
11.842823729971947	140.25247389918667	-0.5	0.25	5.0
12.281790222103318	150.84237105975268	-0.5	0.25	5.0
12.60500553648448	158.8861645748044	-0.5	0.25	5.0
12.678654049397732	160.7482685043095	-0.5	0.25	5.0
12.768760441030935	163.04124320043653	-0.5	0.25	5.0
12.892449110921984	166.21524407771304	-0.5	0.25	5.0
13.091278699451056	171.38157798670093	-0.5	0.25	5.0
13.441369291041639	180.6704084181572	-0.5	0.25	5.0
13.50536906358423	182.39499354361797	-0.5	0.25	5.0
13.54022514944215	183.3376970975857	-0.5	0.25	5.0
13.691817550341256	187.4658678318328	-0.5	0.25	5.0
13.855141102769178	191.9649349776439	-0.5	0.25	5.0
13.926722536172836	193.95360059954433	-0.5	0.25	5.0
14.205707147809594	201.8021155693286	-0.5	0.25	5.0
14.32704033692573	205.26408481589695	-0.5	0.25	5.0
14.352464095244972	205.9932256052961	-0.5	0.25	5.0
14.705842425333618	216.26180143874214	-0.5	0.25	5.0
14.7255469729351	216.84173365211805	-0.5	0.25	5.0
14.80502164338914	219.18866586122084	-0.5	0.25	5.0
14.882995468374567	221.5035541116579	-0.5	0.25	5.0
14.965730456849943	223.97308810708603	-0.5	0.25	5.0
15.04021848365361	226.20817203603573	-0.5	0.25	5.0
15.43479408884276	238.23286856497543	-0.5	0.25	5.0
15.518915295640209	240.83673195325562	-0.5	0.25	5.0
15.524848591743384	241.02092379655653	-0.5	0.25	5.0
15.534991271529714	241.3359538065044	-0.5	0.25	5.0
15.597894770601222	243.29432127474894	-0.5	0.25	5.0
15.681157546861929	245.89870200950483	-0.5	0.25	5.0
15.828786730035304	250.55048934494175	-0.5	0.25	5.0
15.9095998437735	253.11536718899774	-0.5	0.25	5.0
15.999999999999996	255.9999999999999	-0.5	0.25	5.0
16.000000000000004	256.0000000000001	-0.5	0.25	5.0
16.0095012771238	256.3041311422286	-0.5	0.25	5.0
16.13767113519316	260.42442966764645	-0.5	0.25	5.0
16.192808742570435	262.2070549734655	-0.5	0.25	5.0
16.32940889351428	266.64959481158326	-0.5	0.25	5.0
16.43182134631952	270.0047527573618	-0.5	0.25	5.0
16.562991235284247	274.33267866010283	-0.5	0.25	5.0
16.592741081988322	275.319056613903	-0.5	0.25	5.0
16.662860212183073	277.6509104507537	-0.5	0.25	5.0
16.773660781247532	281.35569600436156	-0.5	0.25	5.0
16.891104321880086	285.3094052126361	-0.5	0.25	5.0
17.118692060382347	293.0496178581976	-0.5	0.25	5.0
17.438998603815488	304.11867230387855	-0.5	0.25	5.0
17.495247108741864	306.08367139594054	-0.5	0.25	5.0
17.50352199520448	306.373282236607	-0.5	0.25	5.0
17.714495361502774	313.80334591270326	-0.5	0.25	5.0
17.870563849089304	319.3570522843775	-0.5	0.25	5.0
18.00327915421425	324.1180603045654	-0.5	0.25	5.0
18.13991003756274	329.05633617086943	-0.5	0.25	5.0
18.17269414557914	330.24681250876637	-0.5	0.25	5.0
18.29929538403028	334.8642115519919	-0.5	0.25	5.0
18.67952998974923	348.9248406379409	-0.5	0.25	5.0
18.699964094593966	349.68865713910355	-0.5	0.25	5.0
18.830195107143705	354.5762477730987	-0.5	0.25	5.0
18.89679141311767	357.08872571087767	-0.5	0.25	5.0
19.23009952680011	369.79672781063783	-0.5	0.25	5.0
19.547207176873243	382.09330841560484	-0.5	0.25	5.0
19.60322644830198	384.28648718340634	-0.5	0.25	5.0
19.816093039893488	392.67754336571517	-0.5	0.25	5.0
29.674685942211163	880.5869857688648	-0.5	0.25	5.0
29.798098556384417	887.9266775759991	-0.5	0.25	5.0
29.96075278907619	897.6467076881366	-0.5	0.25	5.0
30.10200755600405	906.130858901725	-0.5	0.25	5.0
30.128574717972146	907.7310145364304	-0.5	0.25	5.0
30.495732919488567	929.9897262967787	-0.5	0.25	5.0
30.96392435618417	958.7646115354952	-0.5	0.25	5.0
31.032863837234515	963.0386379403377	-0.5	0.25	5.0
31.04619576113327	963.8662712386093	-0.5	0.25	5.0
31.380162413527778	984.7145930993814	-0.5	0.25	5.0
31.384968612481075	985.0162548064222	-0.5	0.25	5.0
31.705558210996784	1005.2424214709056	-0.5	0.25	5.0
31.845833237050723	1014.1570945620446	-0.5	0.25	5.0
32.17117048800333	1034.9842105681762	-0.5	0.25	5.0
32.20192505551205	1036.9639772808148	-0.5	0.25	5.0
32.33940786311081	1045.837300936633	-0.5	0.25	5.0
32.35857315733339	1047.077256778497	-0.5	0.25	5.0
32.62984588360982	1064.7068423881285	-0.5	0.25	5.0
32.9496752969416	1085.6811021738836	-0.5	0.25	5.0
33.140536363735215	1098.295150476056	-0.5	0.25	5.0
33.16676198679301	1100.034100688578	-0.5	0.25	5.0
33.603905979654876	1129.2224970894847	-0.5	0.25	5.0
33.62999666910827	1130.9766759642334	-0.5	0.25	5.0
34.10281828477521	1163.0022149643985	-0.5	0.25	5.0
34.37450221275627	1181.6064023747856	-0.5	0.25	5.0
34.71401697334169	1205.0629744254552	-0.5	0.25	5.0
34.714529248725995	1205.0985409606526	-0.5	0.25	5.0
34.81963528065456	1212.4070010778037	-0.5	0.25	5.0
34.871128190248434	1215.995581260739	-0.5	0.25	5.0
35.079713908733346	1230.5863279185799	-0.5	0.25	5.0
12.97417869445687	168.3293127956986	-1.0	1.0	6.0
13.064567668029998	170.6829283525348	-1.0	1.0	6.0
13.080261071581434	171.0932297007287	-1.0	1.0	6.0
13.652549160609396	186.39209858285633	-1.0	1.0	6.0
14.135431656122734	199.8104281049167	-1.0	1.0	6.0
14.744141590834946	217.38971125058885	-1.0	1.0	6.0
14.885377442194448	221.57446159659133	-1.0	1.0	6.0
15.38196601125012	236.6048783712539	-1.0	1.0	6.0
15.708089431284625	246.74407358123574	-1.0	1.0	6.0
15.996004564086507	255.87216201427634	-1.0	1.0	6.0
16.266769771765404	264.60779880762067	-1.0	1.0	6.0
16.462598422974786	271.01714683613193	-1.0	1.0	6.0
16.588736820685433	275.18618930596466	-1.0	1.0	6.0
16.994117090831285	288.800015696884	-1.0	1.0	6.0
17.00395953096496	289.13463973069406	-1.0	1.0	6.0
17.35499840374883	301.19596959412445	-1.0	1.0	6.0
17.47283390899527	305.2999248113349	-1.0	1.0	6.0
17.618033988749904	310.39512162874684	-1.0	1.0	6.0
17.631081118374304	310.8550214026949	-1.0	1.0	6.0
17.641315710292737	311.21601999022135	-1.0	1.0	6.0
28.832528117150225	831.3146776262583	-1.0	1.0	6.0
28.923118315374385	836.5467730851452	-1.0	1.0	6.0
29.29965136247053	858.4695699623212	-1.0	1.0	6.0
29.53048898987988	872.0497799814169	-1.0	1.0	6.0
29.869892081500666	892.2104529604961	-1.0	1.0	6.0
30.02114598214851	901.2692060814717	-1.0	1.0	6.0
30.26375053220686	915.894596275651	-1.0	1.0	6.0
30.41486263585984	925.063869158223	-1.0	1.0	6.0
30.79387565344608	948.2627777598992	-1.0	1.0	6.0
30.82494905241232	950.1774840838153	-1.0	1.0	6.0
31.248011523247133	976.4382241569856	-1.0	1.0	6.0
31.36974107822161	984.0606553146644	-1.0	1.0	6.0
31.65339305827688	1001.9372921017709	-1.0	1.0	6.0
31.730990600042308	1006.8557644599733	-1.0	1.0	6.0
31.951834455079965	1020.9197250448352	-1.0	1.0	6.0
32.4094963873078	1050.375456078917	-1.0	1.0	6.0
32.528520163577575	1058.1046240322728	-1.0	1.0	6.0
32.706691435405524	1069.7276646508292	-1.0	1.0	6.0
32.81953765054651	1077.1220515956397	-1.0	1.0	6.0
32.98626981447613	1088.0939962734192	-1.0	1.0	6.0
33.20592490557407	1102.6334488346245	-1.0	1.0	6.0
33.47359248152826	1120.481393619425	-1.0	1.0	6.0
33.55324613013543	1125.820325869448	-1.0	1.0	6.0
34.04380153863827	1158.9804232021895	-1.0	1.0	6.0
34.14622652062955	1165.9647855981445	-1.0	1.0	6.0
34.697971892173875	1203.9492534300882	-1.0	1.0	6.0
34.78098671693323	1209.7170370034855	-1.0	1.0	6.0
35.4404080065396	1256.0225196699962	-1.0	1.0	6.0
35.65668801378514	1271.399400112409	-1.0	1.0	6.0
36.16539284759794	1307.9356398210884	-1.0	1.0	6.0
28.446533679280066	809.2052783664151	-1.5	2.25	7.0
29.52716609100476	871.8535373657812	-1.5	2.25	7.0
30.537401577025225	932.5328950765027	-1.5	2.25	7.0
30.682601656779863	941.4220444286303	-1.5	2.25	7.0
31.844564434224882	1014.0762840055003	-1.5	2.25	7.0
32.85479992024537	1079.4378777993552	-1.5	2.25	7.0
33.0	1089.0	-1.5	2.25	7.0
33.935432331970034	1151.6135675577173	-1.5	2.25	7.0
34.080632411724665	1161.4895055830978	-1.5	2.25	7.0
35.09086789774515	1231.3690098170011	-1.5	2.25	7.0
-3.0908678977451505	9.553464361311526	1.5	2.25	3.0
-2.08063241172467	4.329031232719217	1.5	2.25	3.0
-1.9354323319700304	3.74589831163495	1.5	2.25	3.0
-1.0000000000000004	1.0000000000000009	1.5	2.25	3.0
-0.8547999202453611	0.7306829036514757	1.5	2.25	3.0
0.1554355657751203	0.02416021510783175	1.5	2.25	3.0
1.3173983432201344	1.735538394719155	1.5	2.25	3.0
1.4625984229747755	2.1391941468883005	1.5	2.25	3.0
2.4728339089952542	6.114907541476749	1.5	2.25	3.0
3.553466320719924	12.627122892490796	1.5	2.25	3.0
-3.1962246327434016	10.215851902955693	1.0	1.0	4.0
-2.5799244126020398	6.6560099747399795	1.0	1.0	4.0
-2.1693935563597613	4.706268402375253	1.0	1.0	4.0
-1.7537068268357068	3.075487634490164	1.0	1.0	4.0
-1.720218055513687	2.9591501585152904	1.0	1.0	4.0
-1.6180339887498647	2.618033988749797	1.0	1.0	4.0
-1.4728339089952485	2.169239723486224	1.0	1.0	4.0
-1.0850878902218355	1.177415729506074	1.0	1.0	4.0
-0.9372239367062285	0.8783887075351205	1.0	1.0	4.0
-0.5740375550276511	0.3295191145821235	1.0	1.0	4.0
-0.4625984229747715	0.21399730093874558	1.0	1.0	4.0
-0.2557842759791775	0.06542559583819205	1.0	1.0	4.0
0.5186142768946773	0.268960768198989	1.0	1.0	4.0
0.6180339887499073	0.3819660112501206	1.0	1.0	4.0
0.7078251391649886	0.5010164276339354	1.0	1.0	4.0
1.3349157555298667	1.782000074361875	1.0	1.0	4.0
1.7884441165205658	3.1985323579170273	1.0	1.0	4.0
2.2586971395030524	5.101712767999271	1.0	1.0	4.0
2.5831314446824543	6.672568060507263	1.0	1.0	4.0
2.935432331970045	8.616762975575096	1.0	1.0	4.0
12.650082974380709	160.02459925871668	1.0	1.0	4.0
12.663619863465675	160.3672680463624	1.0	1.0	4.0
13.0872965358032	171.2773306160464	1.0	1.0	4.0
13.557222549643612	183.79828326056523	1.0	1.0	4.0
13.72921732907399	188.49140846894554	1.0	1.0	4.0
14.086490968602742	198.42922780852663	1.0	1.0	4.0
14.267954392943334	203.574522559111	1.0	1.0	4.0
14.668454425559446	215.1635552347145	1.0	1.0	4.0
14.705682607989239	216.2571009669172	1.0	1.0	4.0
15.09935196569431	227.99042978391665	1.0	1.0	4.0
15.324765298371258	234.8484314501639	1.0	1.0	4.0
15.54990540464609	241.79955809344168	1.0	1.0	4.0
15.66564305583707	245.4123723528962	1.0	1.0	4.0
15.73474890033456	247.58232295657965	1.0	1.0	4.0
15.863977210411731	251.66577293246277	1.0	1.0	4.0
16.258905271197953	264.3520006177886	1.0	1.0	4.0
16.44452909071742	270.4225370154515	1.0	1.0	4.0
16.626567029063725	276.44273117194894	1.0	1.0	4.0
16.780071444834448	281.57079769374843	1.0	1.0	4.0
16.93224969576931	286.7010797598799	1.0	1.0	4.0
17.416647699982686	303.3396171053122	1.0	1.0	4.0
17.719177444292477	313.96924930232325	1.0	1.0	4.0
18.027200641742	324.97996297762313	1.0	1.0	4.0
18.13298613673906	328.80518623517094	1.0	1.0	4.0
18.282937368066147	334.26579880462947	1.0	1.0	4.0
18.548882539549215	344.06104346599375	1.0	1.0	4.0
18.885272931566213	356.6535336997475	1.0	1.0	4.0
18.893881038632333	356.97874070199043	1.0	1.0	4.0
19.735339941402444	389.4836426027146	1.0	1.0	4.0
19.74091151338142	389.70358737915507	1.0	1.0	4.0
-0.8969489203007228	0.8045173656286324	0.5	0.25	5.0
-0.8319288883630946	0.6921056752930543	0.5	0.25	5.0
-0.7435660341395831	0.5528904471260677	0.5	0.25	5.0
-0.62085927908889	0.38546624443077626	0.5	0.25	5.0
-0.5728602727538611	0.32816889209962813	0.5	0.25	5.0
-0.5541707476696401	0.30710521757272796	0.5	0.25	5.0
-0.40637015816419886	0.165136705446396	0.5	0.25	5.0
-0.37139785531119507	0.1379363669297554	0.5	0.25	5.0
-0.19673477314886867	0.03870457096593682	0.5	0.25	5.0
2.842170943040401e-14	8.077935669463161e-28	0.5	0.25	5.0
11.84282372997193	140.25247389918624	0.5	0.25	5.0
12.281790222103318	150.84237105975268	0.5	0.25	5.0
12.605005536484484	158.8861645748045	0.5	0.25	5.0
12.678654049397725	160.74826850430932	0.5	0.25	5.0
12.768760441030924	163.04124320043624	0.5	0.25	5.0
12.892449110921977	166.21524407771287	0.5	0.25	5.0
13.091278699451049	171.38157798670076	0.5	0.25	5.0
13.441369291041646	180.6704084181574	0.5	0.25	5.0
13.50536906358428	182.3949935436193	0.5	0.25	5.0
13.54022514944215	183.3376970975857	0.5	0.25	5.0
13.691817550341256	187.4658678318328	0.5	0.25	5.0
13.855141102769185	191.9649349776441	0.5	0.25	5.0
13.926722536172836	193.95360059954433	0.5	0.25	5.0
14.205707147809598	201.8021155693287	0.5	0.25	5.0
14.327040336925737	205.26408481589715	0.5	0.25	5.0
14.352464095244944	205.99322560529527	0.5	0.25	5.0
14.705842425333618	216.26180143874214	0.5	0.25	5.0
14.725546972935094	216.8417336521179	0.5	0.25	5.0
14.805021643389132	219.18866586122064	0.5	0.25	5.0
14.88299546837456	221.50355411165768	0.5	0.25	5.0
14.965730456849947	223.9730881070861	0.5	0.25	5.0
15.04021848365361	226.20817203603573	0.5	0.25	5.0
15.43479408884275	238.2328685649751	0.5	0.25	5.0
15.51891529564019	240.83673195325503	0.5	0.25	5.0
15.5248485917434	241.020923796557	0.5	0.25	5.0
15.534991271529718	241.3359538065045	0.5	0.25	5.0
15.597894770601222	243.29432127474894	0.5	0.25	5.0
15.681157546861925	245.89870200950472	0.5	0.25	5.0
15.828786730035315	250.55048934494206	0.5	0.25	5.0
15.909599843773506	253.11536718899796	0.5	0.25	5.0
15.999999999999995	255.99999999999983	0.5	0.25	5.0
16.00000000000001	256.00000000000034	0.5	0.25	5.0
16.0095012771238	256.3041311422286	0.5	0.25	5.0
16.137671135193134	260.42442966764565	0.5	0.25	5.0
16.19280874257043	262.2070549734654	0.5	0.25	5.0
16.32940889351428	266.64959481158326	0.5	0.25	5.0
16.431821346319524	270.004752757362	0.5	0.25	5.0
16.562991235284247	274.33267866010283	0.5	0.25	5.0
16.59274108198833	275.31905661390323	0.5	0.25	5.0
16.662860212183073	277.6509104507537	0.5	0.25	5.0
16.773660781247536	281.3556960043617	0.5	0.25	5.0
16.89110432188008	285.30940521263585	0.5	0.25	5.0
17.11869206038235	293.04961785819773	0.5	0.25	5.0
17.438998603815488	304.11867230387855	0.5	0.25	5.0
17.49524710874186	306.0836713959404	0.5	0.25	5.0
17.503521995204455	306.37328223660614	0.5	0.25	5.0
17.71449536150276	313.8033459127028	0.5	0.25	5.0
17.870563849089304	319.3570522843775	0.5	0.25	5.0
18.003279154214248	324.1180603045653	0.5	0.25	5.0
18.139910037562743	329.05633617086954	0.5	0.25	5.0
18.172694145579154	330.2468125087669	0.5	0.25	5.0
18.29929538403028	334.8642115519919	0.5	0.25	5.0
18.679529989749224	348.92484063794063	0.5	0.25	5.0
18.699964094593955	349.68865713910316	0.5	0.25	5.0
18.830195107143666	354.5762477730973	0.5	0.25	5.0
18.896791413117665	357.0887257108775	0.5	0.25	5.0
19.23009952680011	369.79672781063783	0.5	0.25	5.0
19.54720717687324	382.09330841560467	0.5	0.25	5.0
19.60322644830199	384.2864871834066	0.5	0.25	5.0
19.816093039893477	392.6775433657147	0.5	0.25	5.0
29.674685942211166	880.586985768865	0.5	0.25	5.0
29.79809855638441	887.9266775759986	0.5	0.25	5.0
29.960752789076192	897.6467076881369	0.5	0.25	5.0
30.102007556004057	906.1308589017253	0.5	0.25	5.0
30.128574717972146	907.7310145364304	0.5	0.25	5.0
30.49573291948857	929.9897262967789	0.5	0.25	5.0
30.963924356184165	958.764611535495	0.5	0.25	5.0
31.03286383723452	963.0386379403379	0.5	0.25	5.0
31.046195761133273	963.8662712386096	0.5	0.25	5.0
31.38016241352777	984.7145930993811	0.5	0.25	5.0
31.384968612481067	985.0162548064218	0.5	0.25	5.0
31.705558210996784	1005.2424214709056	0.5	0.25	5.0
31.845833237050723	1014.1570945620446	0.5	0.25	5.0
32.17117048800333	1034.9842105681762	0.5	0.25	5.0
32.201925055512056	1036.9639772808152	0.5	0.25	5.0
32.33940786311081	1045.837300936633	0.5	0.25	5.0
32.358573157333396	1047.0772567784975	0.5	0.25	5.0
32.62984588360982	1064.7068423881285	0.5	0.25	5.0
32.94967529694159	1085.6811021738831	0.5	0.25	5.0
33.140536363735215	1098.295150476056	0.5	0.25	5.0
33.166761986793006	1100.0341006885776	0.5	0.25	5.0
33.60390597965489	1129.2224970894856	0.5	0.25	5.0
33.62999666910827	1130.9766759642334	0.5	0.25	5.0
34.10281828477521	1163.0022149643985	0.5	0.25	5.0
34.37450221275626	1181.6064023747851	0.5	0.25	5.0
34.714016973341685	1205.0629744254547	0.5	0.25	5.0
34.71452924872599	1205.0985409606521	0.5	0.25	5.0
34.81963528065455	1212.4070010778032	0.5	0.25	5.0
34.87112819024844	1215.9955812607395	0.5	0.25	5.0
35.07971390873334	1230.5863279185794	0.5	0.25	5.0
12.948234756252843	167.6567833030341	0.0	0.0	6.0
12.974178694456883	168.3293127956989	0.0	0.0	6.0
13.06456766802998	170.6829283525343	0.0	0.0	6.0
13.080261071581447	171.093229700729	0.0	0.0	6.0
13.652549160609398	186.3920985828564	0.0	0.0	6.0
13.998237115096916	195.95064233047685	0.0	0.0	6.0
14.094485098061407	198.65451017947507	0.0	0.0	6.0
14.13543165612274	199.8104281049169	0.0	0.0	6.0
14.313399234968772	204.87339765960462	0.0	0.0	6.0
14.744141590834927	217.38971125058828	0.0	0.0	6.0
14.885377442194448	221.57446159659133	0.0	0.0	6.0
14.914809041743695	222.45152875167946	0.0	0.0	6.0
15.381966011250107	236.60487837125353	0.0	0.0	6.0
15.708089431284634	246.74407358123602	0.0	0.0	6.0
15.996004564086522	255.87216201427685	0.0	0.0	6.0
16.12883282825992	260.1392484019549	0.0	0.0	6.0
16.266769771765404	264.60779880762067	0.0	0.0	6.0
16.46259842297478	271.01714683613164	0.0	0.0	6.0
16.588736820685433	275.18618930596466	0.0	0.0	6.0
16.6771175600898	278.1262501130556	0.0	0.0	6.0
16.851804509851945	283.98331523826636	0.0	0.0	6.0
16.99411709083129	288.8000156968841	0.0	0.0	6.0
17.003959530964956	289.13463973069395	0.0	0.0	6.0
17.18275438574429	295.2470482808146	0.0	0.0	6.0
17.35499840374884	301.1959695941248	0.0	0.0	6.0
17.472833908995263	305.2999248113347	0.0	0.0	6.0
17.587023475210657	309.30339471761073	0.0	0.0	6.0
17.618033988749907	310.39512162874695	0.0	0.0	6.0
17.631081118374297	310.85502140269466	0.0	0.0	6.0
17.64131571029273	311.21601999022107	0.0	0.0	6.0
28.469334333986644	810.5029974203107	0.0	0.0	6.0
28.762913347526904	827.3051842373413	0.0	0.0	6.0
28.832528117150225	831.3146776262583	0.0	0.0	6.0
28.923118315374367	836.5467730851442	0.0	0.0	6.0
29.032910162412875	842.9098724987368	0.0	0.0	6.0
29.299651362470538	858.4695699623217	0.0	0.0	6.0
29.378191031698442	863.0781082949668	0.0	0.0	6.0
29.47882034385274	869.0008488651462	0.0	0.0	6.0
29.530488989879856	872.0497799814154	0.0	0.0	6.0
29.869892081500666	892.2104529604961	0.0	0.0	6.0
30.021145982148497	901.2692060814708	0.0	0.0	6.0
30.21167699469969	912.7454268320665	0.0	0.0	6.0
30.26375053220684	915.8945962756497	0.0	0.0	6.0
30.414862635859812	925.0638691582213	0.0	0.0	6.0
30.422155267304866	925.5075311080052	0.0	0.0	6.0
30.491364739923455	929.7233237030473	0.0	0.0	6.0
30.695448814405548	942.2105779177909	0.0	0.0	6.0
30.793875653446086	948.2627777598997	0.0	0.0	6.0
30.813948066410685	949.4993954394548	0.0	0.0	6.0
30.82494905241229	950.1774840838133	0.0	0.0	6.0
31.159516181123983	970.9154486417274	0.0	0.0	6.0
31.24801152324715	976.4382241569867	0.0	0.0	6.0
31.36974107822159	984.0606553146631	0.0	0.0	6.0
31.387127130750194	985.1517495218749	0.0	0.0	6.0
31.42759529756516	987.6937461875397	0.0	0.0	6.0
31.63572999252823	1000.8194121601501	0.0	0.0	6.0
31.653393058276862	1001.9372921017698	0.0	0.0	6.0
31.730990600042325	1006.8557644599745	0.0	0.0	6.0
31.8805999206696	1016.3726513017984	0.0	0.0	6.0
31.88064133132731	1016.3752916967352	0.0	0.0	6.0
31.951834455079975	1020.9197250448359	0.0	0.0	6.0
32.1687847233999	1034.830710580447	0.0	0.0	6.0
32.40949638730779	1050.3754560789166	0.0	0.0	6.0
32.49031471614891	1055.6205503544024	0.0	0.0	6.0
32.52852016357759	1058.1046240322737	0.0	0.0	6.0
32.607845812241955	1063.2716085149452	0.0	0.0	6.0
32.706691435405524	1069.7276646508292	0.0	0.0	6.0
32.81953765054653	1077.122051595641	0.0	0.0	6.0
32.85057694456428	1079.1604055907383	0.0	0.0	6.0
32.942687788584955	1085.2206787361843	0.0	0.0	6.0
32.98626981447614	1088.0939962734196	0.0	0.0	6.0
33.12882077187542	1097.518765735044	0.0	0.0	6.0
33.20592490557406	1102.6334488346236	0.0	0.0	6.0
33.30811736249052	1109.4306822334424	0.0	0.0	6.0
33.47359248152825	1120.4813936194246	0.0	0.0	6.0
33.553246130135385	1125.8203258694452	0.0	0.0	6.0
33.66631170312106	1133.4205436917061	0.0	0.0	6.0
34.04380153863828	1158.98042320219	0.0	0.0	6.0
34.045404171733	1159.0895452166546	0.0	0.0	6.0
34.14622652062952	1165.9647855981427	0.0	0.0	6.0
34.17922393397267	1168.2193487286504	0.0	0.0	6.0
34.69797189217388	1203.9492534300887	0.0	0.0	6.0
34.78098671693325	1209.7170370034871	0.0	0.0	6.0
34.915701572117435	1219.106216273164	0.0	0.0	6.0
35.25265206574405	1242.7494776684084	0.0	0.0	6.0
35.44040800653959	1256.0225196699955	0.0	0.0	6.0
35.64436860152703	1270.5210130015257	0.0	0.0	6.0
35.65367599372564	1271.184611865568	0.0	0.0	6.0
35.65668801378512	1271.3994001124076	0.0	0.0	6.0
36.16539284759796	1307.9356398210894	0.0	0.0	6.0
48.20475863736555	2323.6987552866685	0.0	0.0	6.0
48.22237929529404	2325.3978648992033	0.0	0.0	6.0
48.29692141503703	2332.592618170263	0.0	0.0	6.0
48.32264652736533	2335.0781674086925	0.0	0.0	6.0
48.40057644969512	2342.615800662782	0.0	0.0	6.0
48.52220143424258	2354.404032025213	0.0	0.0	6.0
48.65989302906799	2367.7851896003394	0.0	0.0	6.0
48.71556924901255	2373.2066872553373	0.0	0.0	6.0
48.84501333594058	2385.835327788213	0.0	0.0	6.0
49.13088350426582	2413.843713909739	0.0	0.0	6.0
28.39524102396972	806.289712809333	-0.5	0.25	7.0
28.44653367928008	809.2052783664159	-0.5	0.25	7.0
28.86618003308763	833.256349702627	-0.5	0.25	7.0
29.486081431377926	869.4289981778501	-0.5	0.25	7.0
29.527166091004744	871.8535373657804	-0.5	0.25	7.0
29.593050033827076	875.7486103045927	-0.5	0.25	7.0
30.31514716242322	919.0081474793766	-0.5	0.25	7.0
30.316778005086533	919.1070286096985	-0.5	0.25	7.0
30.537401577025204	932.5328950765014	-0.5	0.25	7.0
30.599583502392782	936.3345105199086	-0.5	0.25	7.0
30.68260165677987	941.4220444286308	-0.5	0.25	7.0
30.803021426166467	948.8261289808704	-0.5	0.25	7.0
31.261069178126725	977.2544461596248	-0.5	0.25	7.0
31.550056658883417	995.4060751787538	-0.5	0.25	7.0
31.646802301177303	1001.520095889801	-0.5	0.25	7.0
31.84456443422486	1014.0762840054989	-0.5	0.25	7.0
32.22375251016927	1038.3702258366402	-0.5	0.25	7.0
32.270176527288655	1041.3642931023717	-0.5	0.25	7.0
32.36296504130806	1047.3615062649276	-0.5	0.25	7.0
32.85479992024535	1079.4378777993538	-0.5	0.25	7.0
32.99999999999999	1088.9999999999995	-0.5	0.25	7.0
33.19665852304209	1102.0181370954629	-0.5	0.25	7.0
33.46352578143442	1119.8075577247262	-0.5	0.25	7.0
33.935432331970034	1151.6135675577173	-0.5	0.25	7.0
34.07192083146012	1160.895789145286	-0.5	0.25	7.0
34.080632411724665	1161.4895055830978	-0.5	0.25	7.0
34.16368140988467	1167.1571274760993	-0.5	0.25	7.0
34.837784276408144	1213.6712132895505	-0.5	0.25	7.0
35.09086789774513	1231.3690098169996	-0.5	0.25	7.0
35.10680559935798	1232.487799391113	-0.5	0.25	7.0
45.997889300137444	2115.8058200676987	-0.5	0.25	7.0
46.19287448985491	2133.7816536354885	-0.5	0.25	7.0
46.35437960963957	2148.728508994569	-0.5	0.25	7.0
46.362527514504755	2149.4839575332103	-0.5	0.25	7.0
46.89276325924037	2198.9312460871633	-0.5	0.25	7.0
47.01816246656462	2210.7076017322656	-0.5	0.25	7.0
47.041925056431126	2212.9427130148824	-0.5	0.25	7.0
47.38390469835353	2245.23442446265	-0.5	0.25	7.0
47.77180360258198	2282.1452194436647	-0.5	0.25	7.0
47.78029060563809	2282.956170359228	-0.5	0.25	7.0
48.02279479786342	2306.188820197698	-0.5	0.25	7.0
48.119068898914854	2315.4447916985146	-0.5	0.25	7.0
48.846935448050424	2386.023102666005	-0.5	0.25	7.0
48.85278814204273	2386.594909251311	-0.5	0.25	7.0
49.366147901142895	2437.016558597515	-0.5	0.25	7.0
49.53287681418015	2453.505885488745	-0.5	0.25	7.0
50.86580085819002	2587.329696945045	-0.5	0.25	7.0
50.88344618301998	2589.12509546029	-0.5	0.25	7.0
50.9851877612366	2599.4893710485508	-0.5	0.25	7.0
51.198151335540445	2621.250700176902	-0.5	0.25	7.0
44.909132102254844	2016.8301461777767	-1.0	1.0	8.0
45.91936758827535	2108.5883197071526	-1.0	1.0	8.0
46.064567668029966	2121.9443944425116	-1.0	1.0	8.0
46.99999999999997	2208.9999999999973	-1.0	1.0	8.0
47.14520007975463	2222.669890560096	-1.0	1.0	8.0
48.155435565775115	2318.945974529519	-1.0	1.0	8.0
49.31739834322012	2432.2057793438507	-1.0	1.0	8.0
49.462598422974764	2446.5486427524656	-1.0	1.0	8.0
50.472833908995234	2547.506962805019	-1.0	1.0	8.0
51.55346632071993	2657.759889681604	-1.0	1.0	8.0
-1.6180339887498951	2.618033988749896	2.0	4.0	4.0
-1.4728339089952556	2.169239723486245	2.0	4.0	4.0
-0.4625984229747755	0.2139973009387493	2.0	4.0	4.0
0.6180339887498945	0.38196601125010465	2.0	4.0	4.0
2.9354323319700257	8.616762975574984	2.0	4.0	4.0
-0.6208592790888758	0.3854662444307586	1.5	2.25	5.0
-0.55417074766968	0.30710521757277215	1.5	2.25	5.0
-0.3713978553112405	0.1379363669297891	1.5	2.25	5.0
-0.19673477314888288	0.03870457096594241	1.5	2.25	5.0
-3.552713678800501e-15	1.262177448353619e-29	1.5	2.25	5.0
12.605005536484502	158.88616457480492	1.5	2.25	5.0
12.76876044103091	163.04124320043587	1.5	2.25	5.0
13.505369063584249	182.39499354361848	1.5	2.25	5.0
13.855141102769169	191.96493497764365	1.5	2.25	5.0
14.352464095244947	205.99322560529538	1.5	2.25	5.0
14.725546972935094	216.8417336521179	1.5	2.25	5.0
15.518915295640188	240.83673195325497	1.5	2.25	5.0
15.524848591743371	241.02092379655613	1.5	2.25	5.0
16.000000000000004	256.0000000000001	1.5	2.25	5.0
16.000000000000004	256.0000000000001	1.5	2.25	5.0
16.009501277123793	256.30413114222836	1.5	2.25	5.0
16.13767113519314	260.4244296676459	1.5	2.25	5.0
16.562991235284237	274.33267866010243	1.5	2.25	5.0
16.59274108198832	275.3190566139029	1.5	2.25	5.0
17.50352199520444	306.37328223660563	1.5	2.25	5.0
17.71449536150277	313.80334591270315	1.5	2.25	5.0
18.172694145579136	330.2468125087662	1.5	2.25	5.0
18.83019510714368	354.5762477730978	1.5	2.25	5.0
19.547207176873258	382.0933084156054	1.5	2.25	5.0
19.816093039893484	392.677543365715	1.5	2.25	5.0
12.974178694456878	168.32931279569877	1.0	1.0	6.0
13.064567668029985	170.68292835253445	1.0	1.0	6.0
13.08026107158143	171.09322970072859	1.0	1.0	6.0
13.652549160609396	186.39209858285633	1.0	1.0	6.0
14.135431656122734	199.8104281049167	1.0	1.0	6.0
14.744141590834923	217.3897112505882	1.0	1.0	6.0
14.885377442194438	221.57446159659102	1.0	1.0	6.0
15.381966011250112	236.60487837125368	1.0	1.0	6.0
15.708089431284629	246.74407358123585	1.0	1.0	6.0
15.996004564086514	255.87216201427657	1.0	1.0	6.0
16.266769771765397	264.60779880762044	1.0	1.0	6.0
16.462598422974757	271.01714683613096	1.0	1.0	6.0
16.588736820685448	275.1861893059651	1.0	1.0	6.0
16.994117090831278	288.80001569688375	1.0	1.0	6.0
17.00395953096495	289.1346397306937	1.0	1.0	6.0
17.354998403748823	301.19596959412416	1.0	1.0	6.0
17.47283390899525	305.29992481133417	1.0	1.0	6.0
17.618033988749897	310.3951216287466	1.0	1.0	6.0
17.63108111837429	310.8550214026944	1.0	1.0	6.0
17.641315710292734	311.21601999022124	1.0	1.0	6.0
28.832528117150233	831.3146776262587	1.0	1.0	6.0
28.92311831537439	836.5467730851454	1.0	1.0	6.0
29.299651362470534	858.4695699623214	1.0	1.0	6.0
29.53048898987988	872.0497799814169	1.0	1.0	6.0
29.869892081500673	892.2104529604966	1.0	1.0	6.0
30.021145982148507	901.2692060814715	1.0	1.0	6.0
30.263750532206856	915.8945962756508	1.0	1.0	6.0
30.414862635859837	925.0638691582228	1.0	1.0	6.0
30.79387565344608	948.2627777598992	1.0	1.0	6.0
30.82494905241232	950.1774840838153	1.0	1.0	6.0
31.24801152324713	976.4382241569854	1.0	1.0	6.0
31.36974107822161	984.0606553146644	1.0	1.0	6.0
31.65339305827688	1001.9372921017709	1.0	1.0	6.0
31.73099060004232	1006.855764459974	1.0	1.0	6.0
31.951834455079965	1020.9197250448352	1.0	1.0	6.0
32.4094963873078	1050.375456078917	1.0	1.0	6.0
32.52852016357757	1058.1046240322723	1.0	1.0	6.0
32.706691435405524	1069.7276646508292	1.0	1.0	6.0
32.81953765054651	1077.1220515956397	1.0	1.0	6.0
32.986269814476124	1088.0939962734187	1.0	1.0	6.0
33.205924905574065	1102.633448834624	1.0	1.0	6.0
33.47359248152826	1120.481393619425	1.0	1.0	6.0
33.55324613013542	1125.8203258694475	1.0	1.0	6.0
34.04380153863828	1158.98042320219	1.0	1.0	6.0
34.14622652062955	1165.9647855981445	1.0	1.0	6.0
34.69797189217387	1203.9492534300878	1.0	1.0	6.0
34.78098671693322	1209.717037003485	1.0	1.0	6.0
35.4404080065396	1256.0225196699962	1.0	1.0	6.0
35.65668801378515	1271.3994001124095	1.0	1.0	6.0
36.16539284759795	1307.935639821089	1.0	1.0	6.0
28.39524102396973	806.2897128093337	0.5	0.25	7.0
28.44653367928008	809.2052783664159	0.5	0.25	7.0
28.866180033087637	833.2563497026274	0.5	0.25	7.0
29.486081431377922	869.4289981778498	0.5	0.25	7.0
29.527166091004727	871.8535373657794	0.5	0.25	7.0
29.59305003382708	875.748610304593	0.5	0.25	7.0
30.315147162423237	919.0081474793776	0.5	0.25	7.0
30.31677800508654	919.107028609699	0.5	0.25	7.0
30.53740157702522	932.5328950765024	0.5	0.25	7.0
30.59958350239278	936.3345105199083	0.5	0.25	7.0
30.682601656779866	941.4220444286306	0.5	0.25	7.0
30.803021426166453	948.8261289808696	0.5	0.25	7.0
31.261069178126725	977.2544461596248	0.5	0.25	7.0
31.550056658883417	995.4060751787538	0.5	0.25	7.0
31.646802301177313	1001.5200958898017	0.5	0.25	7.0
31.844564434224882	1014.0762840055003	0.5	0.25	7.0
32.22375251016927	1038.3702258366402	0.5	0.25	7.0
32.27017652728866	1041.3642931023721	0.5	0.25	7.0
32.36296504130805	1047.3615062649271	0.5	0.25	7.0
32.85479992024537	1079.4378777993552	0.5	0.25	7.0
32.999999999999986	1088.999999999999	0.5	0.25	7.0
33.19665852304208	1102.0181370954624	0.5	0.25	7.0
33.46352578143442	1119.8075577247262	0.5	0.25	7.0
33.93543233197004	1151.6135675577177	0.5	0.25	7.0
34.07192083146012	1160.895789145286	0.5	0.25	7.0
34.08063241172468	1161.4895055830987	0.5	0.25	7.0
34.163681409884674	1167.1571274760997	0.5	0.25	7.0
34.83778427640813	1213.6712132895495	0.5	0.25	7.0
35.09086789774513	1231.3690098169996	0.5	0.25	7.0
35.106805599357976	1232.4877993911125	0.5	0.25	7.0
45.99788930013743	2115.8058200676974	0.5	0.25	7.0
46.1928744898549	2133.7816536354876	0.5	0.25	7.0
46.354379609639565	2148.728508994568	0.5	0.25	7.0
46.36252751450475	2149.48395753321	0.5	0.25	7.0
46.892763259240326	2198.9312460871593	0.5	0.25	7.0
47.01816246656456	2210.7076017322606	0.5	0.25	7.0
47.041925056431154	2212.942713014885	0.5	0.25	7.0
47.38390469835353	2245.23442446265	0.5	0.25	7.0
47.771803602582	2282.145219443666	0.5	0.25	7.0
47.7802906056381	2282.9561703592285	0.5	0.25	7.0
48.02279479786337	2306.188820197693	0.5	0.25	7.0
48.119068898914826	2315.444791698512	0.5	0.25	7.0
48.846935448050424	2386.023102666005	0.5	0.25	7.0
48.85278814204276	2386.5949092513138	0.5	0.25	7.0
49.366147901142845	2437.01655859751	0.5	0.25	7.0
49.532876814180206	2453.505885488751	0.5	0.25	7.0
50.86580085819	2587.3296969450425	0.5	0.25	7.0
50.88344618301997	2589.1250954602897	0.5	0.25	7.0
50.98518776123662	2599.489371048552	0.5	0.25	7.0
51.19815133554046	2621.250700176903	0.5	0.25	7.0
44.90913210225487	2016.8301461777792	0.0	0.0	8.0
45.2666727179959	2049.0716589581543	0.0	0.0	8.0
45.59269220097076	2078.69358213246	0.0	0.0	8.0
45.91936758827532	2108.5883197071503	0.0	0.0	8.0
46.06456766802997	2121.9443944425125	0.0	0.0	8.0
46.162375244954625	2130.9648882559995	0.0	0.0	8.0
46.93708533455154	2203.0899797029733	0.0	0.0	8.0
47.00000000000001	2209.0000000000005	0.0	0.0	8.0
47.074656939068966	2216.023325931034	0.0	0.0	8.0
47.14520007975458	2222.6698905600915	0.0	0.0	8.0
48.1006151470069	2313.6691775204695	0.0	0.0	8.0
48.15543556577512	2318.9459745295194	0.0	0.0	8.0
48.42448055416213	2344.930316940426	0.0	0.0	8.0
49.00715046477288	2401.7007966768883	0.0	0.0	8.0
49.31739834322011	2432.20577934385	0.0	0.0	8.0
49.46259842297474	2446.5486427524634	0.0	0.0	8.0
49.85271252368933	2485.2929459696106	0.0	0.0	8.0
50.472833908995256	2547.5069628050214	0.0	0.0	8.0
51.55346632071987	2657.759889681598	0.0	0.0	8.0
51.71014855871464	2673.939463964338	0.0	0.0	8.0
64.11437407245616	4110.6529627028385	0.0	0.0	8.0
64.15170950481684	4115.4418323904065	0.0	0.0	8.0
64.31510473345725	4136.432696875575	0.0	0.0	8.0
64.40467479714495	4147.9621357259975	0.0	0.0	8.0
64.88554720623718	4210.134236252833	0.0	0.0	8.0
62.3819660112501	3891.509683428763	-0.5	0.25	9.0
62.527166091004744	3909.6464993720933	-0.5	0.25	9.0
63.537401577025214	4037.0013991601663	-0.5	0.25	9.0
64.6180339887499	4175.490316571238	-0.5	0.25	9.0
66.93543233197003	4480.352101467739	-0.5	0.25	9.0
0.0	0.0	2.5	6.25	5.0
13.064567668029971	170.68292835253408	2.0	4.0	6.0
15.381966011250109	236.6048783712536	2.0	4.0	6.0
16.462598422974775	271.01714683613153	2.0	4.0	6.0
17.472833908995256	305.29992481133445	2.0	4.0	6.0
17.618033988749893	310.3951216287465	2.0	4.0	6.0
28.446533679280066	809.2052783664151	1.5	2.25	7.0
29.52716609100476	871.8535373657812	1.5	2.25	7.0
30.537401577025225	932.5328950765027	1.5	2.25	7.0
30.682601656779863	941.4220444286303	1.5	2.25	7.0
31.844564434224882	1014.0762840055003	1.5	2.25	7.0
32.85479992024537	1079.4378777993552	1.5	2.25	7.0
33.0	1089.0	1.5	2.25	7.0
33.935432331970034	1151.6135675577173	1.5	2.25	7.0
34.080632411724665	1161.4895055830978	1.5	2.25	7.0
35.09086789774515	1231.3690098170011	1.5	2.25	7.0
44.909132102254844	2016.8301461777767	1.0	1.0	8.0
45.91936758827535	2108.5883197071526	1.0	1.0	8.0
46.064567668029966	2121.9443944425116	1.0	1.0	8.0
46.99999999999997	2208.9999999999973	1.0	1.0	8.0
47.14520007975463	2222.669890560096	1.0	1.0	8.0
48.155435565775115	2318.945974529519	1.0	1.0	8.0
49.31739834322012	2432.2057793438507	1.0	1.0	8.0
49.462598422974764	2446.5486427524656	1.0	1.0	8.0
50.472833908995234	2547.506962805019	1.0	1.0	8.0
51.55346632071993	2657.759889681604	1.0	1.0	8.0
62.3819660112501	3891.509683428763	0.5	0.25	9.0
62.527166091004744	3909.6464993720933	0.5	0.25	9.0
63.537401577025214	4037.0013991601663	0.5	0.25	9.0
64.6180339887499	4175.490316571238	0.5	0.25	9.0
66.93543233197003	4480.352101467739	0.5	0.25	9.0
80.0	6400.0	0.0	0.0	10.0
