Temp	E	M	C	Chi	N_tot	lnZ	S
0.1	410.89804764890505	-1.275331663970189e-10	-9713.482237997534	15040.205101652227	0.9999103239026845	-914.885268736432	3154.0987947965114
0.2	25.032129291623136	-6.064055003976784e-11	-733.1110172860091	716.265311918452	0.9925340071284179	5.847056977010951	111.15702329255826
0.30000000000000004	1.0926556066267854	-2.813868812878626e-11	-39.33385457348271	52.01760098845478	0.9869065616165025	15.063099957347156	5.546531157883075
0.4	-0.4125445756754722	-3.0917324068689764e-11	-0.9206574752134397	6.034941330717115	0.9884001360266479	11.866562654244607	0.9511998547894471
0.5	-0.527281758656975	-2.178148810172816e-11	1.4511840205020186	1.0912283873598547	0.9902591550366084	9.64315415356327	0.6665173959564523
0.6	-0.5204523302894256	-2.4797370419080312e-11	1.468631160491461	0.34618679552286824	0.9912423791850344	8.146524957028472	0.6708218786458655
0.7000000000000001	-0.4983441356622125	-2.217325150313401e-11	1.3744097697971214	0.19886886489723465	0.9917977975218994	7.080694480689246	0.7013583010466604
0.8	-0.4739179132230638	-1.1628883526254953e-11	1.289263668905902	0.1597963447994261	0.9921843320336341	6.285212888190459	0.7318938364934597
0.9	-0.44925721317612705	-7.662029154235151e-12	1.2145376214550416	0.14425521721582218	0.9924410529131489	5.669746742039109	0.759722936673862
1.0	-0.424201386863813	-4.934805212784111e-12	1.1542717162672056	0.13475540024024096	0.9925774286805529	5.180047823550849	0.7855367219648244
1.1	-0.39814526500678155	-6.336938748464434e-13	1.1089253782414707	0.12718665710343077	0.9926273283000016	4.781673211637148	0.8101690496309777
1.2000000000000002	-0.3706503114110114	-5.403286942773393e-12	1.0752119593146319	0.12048371351771558	0.9926342671069128	4.451714332119688	0.8340581822541364
1.3000000000000003	-0.34155525401953035	-3.521277841205926e-12	1.049054126926625	0.11434282832684	0.9926339542815752	4.17433234461343	0.8573392129627915
1.4000000000000001	-0.3109034075628158	-5.436408869494555e-12	1.0272073251702298	0.1086613390741783	0.9926488640261653	3.938217531268016	0.8800040572198187
1.5000000000000002	-0.27884999519621156	-8.421002786937271e-12	1.0075331360924966	0.10339037663219694	0.9926901578093115	3.735073706447038	0.9019999554914002
1.6	-0.24559879542329538	-4.741996045852457e-12	0.9887502769867786	0.09849534169227081	0.9927614885614566	3.5586752508557007	0.9232722823124995
1.7000000000000002	-0.21136769108342623	-4.1866270707249176e-12	0.9701322665356951	0.09394582307775334	0.9928622199721251	3.404258501319458	0.9437781654536193
1.8000000000000003	-0.17637185794367433	-1.2823317061137553e-12	0.9512889343455184	0.08971348931134662	0.9929895435205198	3.2681163919151506	0.9634885963452882
1.9000000000000001	-0.14081577843569315	-1.55171861801943e-12	0.9320323255786028	0.08577191507391238	0.9931397154717512	3.147321102500447	0.9823870812779743
2.0	-0.10488932179521426	-1.719509083031581e-12	0.9122980225876248	0.08209670561086299	0.9933087296142	3.0395298250203204	1.0004677048943131
2.1	-0.06876576031693926	-3.087055016588771e-12	0.892098011762191	0.07866554795586252	0.9934926743045174	2.942845934014489	1.0177333351882945
2.2	-0.0326008700896816	2.215173635942578e-12	0.8714909150831078	0.07545815425562097	0.9936879100610869	2.855717945906997	1.0341940775733474
2.3000000000000003	0.003467244334863784	3.2719942160991013e-12	0.8505622102608678	0.07245613590837603	0.9938911585477748	2.776864771630646	1.0498659064757614
2.4000000000000004	0.039317784211566176	3.4694584630832346e-12	0.829410687686768	0.06964284487181961	0.9940995328324305	2.7052196037652734	1.0647694591327088
2.5000000000000004	0.07484649194851623	-8.634253326498572e-13	0.8081391474942232	0.06700320788407686	0.9943105403982786	2.639887224701978	1.078928956844139
2.6	0.10996460728800872	-8.834923494630958e-13	0.7868481384500304	0.06452356651068931	0.9945220666784369	2.5801111276518154	1.092371258641916
2.7	0.14459764781666062	-6.460189009631861e-13	0.7656319283222078	0.06219152956730912	0.9947323469626816	2.5252479117739544	1.1051250450946708
2.8000000000000003	0.17868410148362335	2.0641601100013597e-13	0.7445761058672746	0.0599958401516083	0.9949399362303559	2.4747471369043565	1.1172201213908566
2.9000000000000004	0.21217409715773428	5.058743028796687e-12	0.723756356898931	0.057926257006728286	0.9951436707592967	2.4281353244934873	1.1286868466040212
3.0000000000000004	0.24502810191439994	1.1394751311043063e-12	0.7032380649739839	0.05597344955059513	0.9953426353434662	2.3850031408464587	1.1395556610266373
3.1	0.27721567938969427	-1.7441233185081027e-12	0.6830764697472458	0.05412890501769524	0.9955361285481308	2.344995047909209	1.149856714101845
3.2	0.30871433147044913	-3.836167079322149e-12	0.6633171850582842	0.05238484627481577	0.995723632146627	2.3078008832940675	1.159619571695299
3.3000000000000003	0.33950843237209727	-2.487530391688037e-12	0.6439969303080764	0.05073415907948722	0.9959047822163418	2.2731489644197462	1.168872995785422
3.4000000000000004	0.3695882621551616	-4.961901595470691e-12	0.6251443744554868	0.04917032743973165	0.9960793431811967	2.2408004035672944	1.1776447828115224
3.5000000000000004	0.3989491406933314	-7.449186383231026e-14	0.6067810185404117	0.0476873761986252	0.9962471859243074	2.2105443933459403	1.185961649630541
3.6	0.42759065574625243	-7.362705903931197e-14	0.5889220702482088	0.046279819916078484	0.996408269618712	2.1821942754715695	1.1938491580469597
3.7	0.4555159795788055	-2.937609937693853e-13	0.5715772786029184	0.044942616964685884	0.9965626220218855	2.1555842459245156	1.2013316760572899
3.8000000000000003	0.48273127264436844	3.410620897871746e-12	0.5547517106718228	0.043671128711727424	0.9967103278134937	2.1305665789821115	1.208432358295373
3.9000000000000004	0.5092451587081468	-4.5871143557772195e-12	0.5384464607910084	0.04246108270060069	0.9968515141483147	2.1070092786092847	1.2151731509464354
4.0	0.5350682743259243	1.0688808460992788e-12	0.5226592895514109	0.04130853981616083	0.996986343535593	2.0847940817501724	1.2215748067960606
4.1	0.5602128721887423	1.943722356354712e-12	0.5073851900889393	0.04020986445248796	0.9971150019005997	2.0638147555091555	1.2276569176033858
4.2	0.5846924882421884	-1.5667647715504939e-12	0.49261688656626074	0.03916169792962192	0.9972376945659689	2.043975637099602	1.2334379489992005
4.3	0.6085216473992956	-3.445096865695635e-13	0.47834527126060195	0.03816093427980241	0.9973546381549934	2.0251903795647292	1.2389352853273623
4.3999999999999995	0.6317156198890095	-1.8243794428482506e-12	0.4645597803400678	0.03720469851550619	0.9974660577694574	2.0073808687439527	1.244165275291948
4.5	0.6542902090620804	1.4178039175734999e-12	0.45124871870146266	0.0362903269547383	0.9975721813980756	1.990476286404061	1.2491432827306785
4.6	0.6762615742273417	-2.3984606945332214e-12	0.4383995377517418	0.035415349353845105	0.9976732385467988	1.9744122959714931	1.2538837351106553
4.7	0.697646080906476	1.3594015013049001e-12	0.4259990700330988	0.0345774727749034	0.9977694561777986	1.9591303339536603	1.2584001756973373
4.8	0.7184601747519017	3.2507075618573948e-12	0.41403372872543226	0.03377456693943107	0.9978610583864869	1.9445769904402521	1.262705311524826
4.9	0.7387202785276796	1.784408982028972e-12	0.4024896742210802	0.03300465093344306	0.9979482646348741	1.9307034666175618	1.2668110625335176
5.0	0.7584427027988785	-9.099916466496653e-13	0.391352953567512	0.03226588107215482	0.9980312865175329	1.9174650987963922	1.2707286101421413
5.1	0.7776435785009275	1.0585559959102444e-12	0.3806096144121339	0.0315565399550719	0.9981103308288661	1.9048209383243508	1.274468439341108
5.2	0.7963387961486628	-1.2858433047963884e-12	0.37024580005473046	0.03087502642439653	0.998185595326885	1.89273338201396	1.2780403848680222
5.3	0.8145439625654067	-5.044413597146798e-12	0.3602478259397341	0.03021984642317342	0.9982572713411799	1.8811678442118414	1.2814536700987633
5.4	0.8322743611524572	8.319355525587292e-13	0.3506022403109836	0.029589604712786127	0.9983255406304088	1.8700924667979746	1.2847169480259046
5.5	0.8495449259049133	1.376672290475173e-12	0.341295873349092	0.02898299722938655	0.9983905781782827	1.8594778608304707	1.2878383359562493
5.6	0.8663702191869254	-5.63570310438736e-13	0.33231587442515903	0.028398804171378036	0.9984525497364136	1.8492968772398015	1.2908254522828857
5.7	0.8827644163868507	-1.2285425968643106e-13	0.3236497406645831	0.027835883649216776	0.9985116144350159	1.839524401436243	1.2936854468128725
5.8	0.8987412955938834	6.751353665462358e-13	0.31528533733135	0.02729316583435936	0.9985679225652646	1.8301371705096425	1.2964250334980605
5.9	0.9143142313862105	1.2009929657204843e-12	0.30721091242638304	0.026769647697681833	0.998621617331259	1.8211136088448954	1.2990505176688232
6.0	0.9294961920790288	2.625219672718225e-13	0.29941510492770973	0.026264388092855844	0.9986728345617624	1.8124336811596287	1.3015678234649586
6.1	0.9442997387173395	-6.858613450974282e-13	0.29188694956348593	0.02577650326772766	0.9987217023033019	1.8040787601319153	1.3039825190670187
6.2	0.9587370295792301	-1.1234923169841677e-12	0.2846158776167456	0.025305162779488754	0.998768342889806	1.7960315073039788	1.3062998392426894
6.3	0.9728198228526985	2.584630644579701e-12	0.2775917141805266	0.02484958571135217	0.9988128719019085	1.7882757655809198	1.308524707683311
6.4	0.9865594827415627	2.573195101306049e-12	0.2708046739647276	0.024409037177295735	0.9988553978317172	1.7807964624649872	1.3106617579985333
6.5	0.9999669889300606	-2.5313008097855054e-12	0.2642453542484485	0.023982825172129206	0.9988960244868399	1.7735795219599957	1.3127153513419496
6.6	1.0130529414372746	3.1136535285525007e-13	0.25790472706062395	0.023570297548470214	0.9989348487636422	1.7666117856527146	1.3146895957107003
6.7	1.025827572275668	-4.064739678376747e-12	0.25177412982543834	0.02317083937652212	0.9989719630964586	1.7598809397877178	1.3165883606667974
6.8	1.0383007545157004	4.059632384279426e-12	0.2458452549015002	0.022783870404977605	0.9990074553043129	1.753375450424234	1.318415293556359
6.9	1.050482010849418	3.875381368145923e-12	0.240110139479147	0.022408842730106543	0.9990414068981801	1.7470845037113776	1.3201738346181453
7.0	1.06238052659355	-4.3670564356205375e-14	0.23456115315336765	0.022045238689738067	0.999073896006389	1.7409979512535088	1.3218672287632223
7.1	1.0740051575637382	-1.5014718365781762e-12	0.22919098759973508	0.021692568875845555	0.999104996206813	1.7351062608792631	1.3234985387294724
7.2	1.0853644426756577	1.17056765653864e-12	0.22399264399283683	0.021350370290536214	0.9991347768454193	1.7294004713739464	1.3250706568314436
7.3	1.0964666132616272	5.765444014590488e-13	0.2189594218178423	0.021018204687421733	0.9991633039077485	1.7238721509700792	1.32658631502907
7.4	1.1073196040244118	-1.0688408000864925e-12	0.21408490720775736	0.020695656965908308	0.9991906391300664	1.7185133595748683	1.3280480957240772
7.5	1.1179310626804493	7.204624262814882e-13	0.20936296116609704	0.02038233371557424	0.9992168411350493	1.7133166142133367	1.3294584406320369
7.6	1.1283083618429908	3.0687203589775048e-12	0.20478770851511183	0.02007786189830933	0.9992419656059615	1.7082748567955568	1.3308196593507073
7.7	1.138458607942045	-2.2962136394183236e-12	0.20035352679143548	0.019781887572397655	0.9992660646404146	1.7033814251832358	1.3321339380897794
7.8	1.148388650905398	-5.272224911101137e-12	0.19605503550739115	0.019494074718589768	0.9992891879248385	1.6986300260976561	1.3334033465086874
7.9	1.1581050935990091	1.3397152766028924e-12	0.19188708579207717	0.019214104174223562	0.9993113821350319	1.6940147105042174	1.3346298453217975
8.0	1.1676143027436159	-4.3973609696551723e-13	0.18784475019717883	0.018941672626243477	0.9993326922136152	1.6895298505168854	1.3358152922530298
8.1	1.1769224143253019	2.552498570443398e-12	0.18392331302152198	0.01867649162451438	0.9993531589632232	1.6851701187635741	1.3369614494391802
8.2	1.1860353481577661	-3.4112528568457767e-12	0.1801182602946974	0.018418286793165258	0.9993728232804657	1.6809304683824642	1.3380699872892816
8.3	1.1949588100883506	-1.0075174472155052e-12	0.1764252721524223	0.018166796934724044	0.9993917221848094	1.6768061154547238	1.339142491520882
8.4	1.2036983033040958	-5.875338348083955e-12	0.17284021256205603	0.017921773302252805	0.9994098908366689	1.672792522404287	1.3401804676373132
8.5	1.2122591374459755	1.2807362350445631e-12	0.16935912169366818	0.01768297889628072	0.9994273636495155	1.6688853822311824	1.3411853449191722
8.6	1.2206464331200055	-4.647816042013436e-13	0.16597820814391873	0.017450187781458928	0.9994441721767866	1.6650806045408235	1.3421584817981327
8.7	1.2288651312567291	-9.116816678259592e-13	0.1626938407058622	0.017223184479726632	0.9994603470354526	1.6613743023144416	1.3431011693391448
8.8	1.236920000383738	-1.675398600117648e-12	0.1595025413170682	0.017001763379154274	0.9994759166404554	1.657762779412476	1.344014635528603
8.9	1.244815641018945	-1.98568421615336e-12	0.1564009783041337	0.01678572820282839	0.9994909080982877	1.6542425193358294	1.3449000483949074
9.0	1.2525564956884638	2.364583109300899e-13	0.15338595917550785	0.01657489149060917	0.9995053473158051	1.6508101745016612	1.3457585196600217
9.1	1.2601468520418757	-1.909602800746035e-12	0.15045442460999311	0.01636907411975598	0.9995192585844697	1.6474625564072225	1.3465911078032662
9.2	1.2675908507120501	-5.180941483190464e-12	0.14760344227570335	0.01616810487562245	0.9995326655287866	1.6441966263918633	1.3473988208045702
9.3	1.2748924907217551	6.002875017194663e-14	0.14483020086871015	0.01597182001415641	0.9995455896750707	1.641009487152692	1.348182619628119
9.4	1.2820556349544845	1.5947814586238727e-12	0.14213200477429605	0.015780062878523685	0.9995580525668979	1.6378983745128461	1.348943419692303
9.5	1.2890840152458056	-1.7456288378241854e-12	0.13950626878462774	0.015592683523535919	0.9995700737682502	1.6348606501933223	1.3496820944220387
9.6	1.2959812366312988	2.214796597829178e-12	0.1369505129812535	0.015409538380900182	0.9995816722632265	1.6318937947515315	1.3503994767909475
9.700000000000001	1.3027507846222954	-1.0973216282471944e-12	0.13446235775627793	0.015230489900602977	0.9995928658588906	1.6289954009323593	1.3510963618794452
9.8	1.3093960282917532	1.2798859503364418e-12	0.13203951975919978	0.015055406298794852	0.9996036718941903	1.6261631677480992	1.351773508637384
9.9	1.3159202240911074	3.6969092310380414e-12	0.12967980714002736	0.014884161214481686	0.9996141065403505	1.6233948946162164	1.3524316418818434
10.0	1.3223265213209072	1.884724596889301e-12	0.12738111541684646	0.014716633466820084	0.9996241849476601	1.6206884761480826	1.3530714543011093
