Temp	E	M	C	Chi	N_tot	lnZ	S
0.1	-44.89537622572491	1.058122878399602e-9	2790.734706046885	-5096.331105122908	0.9999999999557376	140.15556253555283	-388.7981997181553
0.2	-0.476014232163468	4.4358944689863844e-10	9.115328922956813	-27.328475416149487	1.0000000002587432	42.01033224958448	-0.369738921582595
0.30000000000000004	-0.26612783589289934	2.4978300319165806e-10	0.28024426674257213	-0.4078927022241553	1.000000015590877	28.130485123128075	0.5767252543950256
0.4	-0.2500267260516105	1.9358275324666676e-10	0.11100607210177786	0.24693994014040757	1.0000007019897006	21.249156956515417	0.6240761015923795
0.5	-0.24069993659570751	1.384127859669836e-10	0.0877842040955774	0.2617806860737515	1.0000057574703631	17.126409479208785	0.6449174864915612
0.6	-0.23334121323332424	1.3462271028925725e-10	0.08753415100075136	0.2426167713129218	1.0000218844032764	14.380665558779974	0.658138411347414
0.7000000000000001	-0.22684265814135274	7.717140865840898e-11	0.10422739414640166	0.22306307738970396	1.0000543360766363	12.421020820308748	0.6677674678024026
0.8	-0.2204536351350754	8.746179280992131e-11	0.13458030108028393	0.20580123889110294	1.0001034462558998	10.952374512332955	0.6757730058551132
0.9	-0.21360310475290234	1.0644443571850379e-10	0.17502033485854646	0.19076621946051928	1.0001646701370177	9.810947013662316	0.6832576071633785
1.0	-0.20585513826339327	6.614162769391813e-11	0.2222676438362227	0.1776189167212632	1.0002307036529947	8.898555169585808	0.6908544020984575
1.1	-0.196876677923279	9.012022510746732e-11	0.27364227974601774	0.166042133895881	1.0002938260697785	8.152762721059226	0.6989197333487649
1.2000000000000002	-0.18641367664609398	4.136502447776867e-11	0.32708046566462956	0.15577452545762652	1.0003474680734423	7.53196754532004	0.7076396942920136
1.3000000000000003	-0.17427516746145233	3.8181322680167074e-11	0.3810325487424607	0.14660582649909332	1.0003870106894408	7.0073780256983405	0.7170924464852808
1.4000000000000001	-0.16032317627256978	1.0375843637779321e-10	0.434342447688348	0.13836711206831415	1.0004098749054613	6.558431663480453	0.727287252397411
1.5000000000000002	-0.14446614062898946	1.094382700485241e-10	0.4861469166995343	0.1309219702456988	1.0004153043521882	6.170048326032448	0.7381892757347863
1.6	-0.12665399235692626	-5.562459331288269e-12	0.5358018776761725	0.12415942711285316	1.0004039371470825	5.830914815135943	0.7497363841774511
1.7000000000000002	-0.10687380306634896	3.3201544504915316e-11	0.5828315233273701	0.11798847400818492	1.0003773718387015	5.532375691851935	0.7618505284543113
1.8000000000000003	-0.0851454445847672	2.3393419029646753e-11	0.6268933679060538	0.11233385655388377	1.0003377931738706	5.267694357677798	0.7744455854690582
1.9000000000000001	-0.06151711492703653	1.8551634409963413e-11	0.667753490945034	0.10713284901506025	1.0002876446607467	5.031547826376521	0.7874329462644098
2.0	-0.03606077601486948	-9.07453432397532e-13	0.7052678801185749	0.10233275889825166	1.0002294187398149	4.819673296952837	0.8007252339861433
2.1	-0.008867639860742266	6.966275176074824e-11	0.7393674130489366	0.09788899448123117	1.0001654843695822	4.628615852454881	0.8142389406370714
2.2	0.019956150780015752	8.483731566363557e-12	0.7700450878383868	0.09376355271498617	1.0000979914787491	4.455545070275415	0.8278960788890615
2.3000000000000003	0.05029352773924056	1.0273709986395025e-10	0.7973448029388633	0.08992382887405317	1.0000288228561938	4.298119519966671	0.8416251481795807
2.4000000000000004	0.08202009495606111	-3.4374212863826544e-11	0.8213513727688048	0.08634167225923269	0.9999595694723007	4.154385176672251	0.8553616513296074
2.5000000000000004	0.11500728404204502	2.4529882475051365e-11	0.842181638876773	0.08299263318469799	0.9998915412754581	4.022698221018114	0.8690482025534672
2.6	0.1491250432218058	2.508623843048411e-11	0.8599766648969293	0.07985535800947394	0.9998257790877147	3.901665658397125	0.8826344316740822
2.7	0.18424407603686077	4.542564896237618e-11	0.8748949348222207	0.07691109732435479	0.9997630718098864	3.7900991238783366	0.8960767170478809
2.8000000000000003	0.22023765491667618	-4.723743003566306e-11	0.8871065611977814	0.0741433087439525	0.9997040135897968	3.6869785734449954	0.9093376970872464
2.9000000000000004	0.2569830518532389	5.706092612635302e-12	0.896788389265119	0.07153732857298437	0.9996489953967092	3.5914234749847798	0.9223859193570441
3.0000000000000004	0.2943626301669928	2.7836225209087548e-11	0.9041199864774636	0.06908010322791415	0.9995982724689765	3.50266974023218	0.9351952237039076
3.1	0.33226462700429593	4.746980626915068e-11	0.9092803618570032	0.06675996464040117	0.999551957974079	3.4200511101635835	0.94774432410283
3.2	0.37058370060854495	7.719913321984661e-12	0.912445397704087	0.06456644510280125	0.9995100747690344	3.3429840128326225	0.960016232350207
3.3000000000000003	0.4092212606244787	2.4369413072933897e-11	0.9137858620304992	0.062490120397824186	0.9994725611165798	3.2709551541729667	0.9719978122614035
3.4000000000000004	0.44808562399056817	1.903061912620942e-11	0.913465905021796	0.060522478540021324	0.9994392968473345	3.2035112931241305	0.9836793075982171
3.5000000000000004	0.4870920295755321	5.458421044876679e-12	0.9116420108205309	0.05865580770101509	0.9994101114900571	3.140250753271096	0.9950539354582606
3.6	0.5261625507285672	4.444925274199107e-11	0.9084622784520676	0.05688310165725802	0.9993848050562986	3.080816336581428	1.0061174783253666
3.7	0.565225919427637	-7.1284159744182e-12	0.9040659969620558	0.05519797839220133	0.9993631550814428	3.024889377036055	1.0168679388674322
3.8000000000000003	0.6042172837358715	-4.686269571467145e-12	0.8985834652508625	0.053594610553055255	0.9993449252331192	2.9721847259418004	1.0273052211709892
3.9000000000000004	0.6430779202831304	2.3562849100795225e-11	0.8921359764643352	0.05206766440678248	0.999329877730101	2.922446499587888	1.037430832521817
4.0	0.6817549260770672	4.6886054865290525e-11	0.8848359522002885	0.050612248449885	0.9993177688096866	2.875444457449034	1.0472476513489277
4.1	0.7202008710712754	3.33690002109883e-11	0.8767871931929463	0.04922386720997235	0.999308359322975	2.830970906625554	1.0567596862566453
4.2	0.7583734599347898	3.948478883525671e-11	0.8680851871610652	0.0478983814959741	0.999301414052113	2.7888380413157368	1.0659718859628524
4.3	0.7962351908908489	-7.476621324756459e-11	0.858817505102013	0.04663197440440179	0.9992967155246237	2.748875648689403	1.0748899432693704
4.3999999999999995	0.833752994864039	7.236498104792893e-12	0.8490642015969438	0.045421118875560496	0.9992940547556617	2.7109291285314843	1.083520164172108
4.5	0.870897911031111	-2.3071306179271812e-11	0.8388982588789742	0.044262552107712565	0.9992932266551646	2.674857767537288	1.0918693448239092
4.6	0.9076447646837265	6.136691340041929e-12	0.8283860279130236	0.04315325033569451	0.999294041945765	2.64053324045833	1.0999446380925924
4.7	0.9439718527008736	2.359006282362898e-11	0.8175876796090961	0.04209040828646588	0.9992963312079	2.6078382975193097	1.1077534471017936
4.8	0.9798606466076545	1.9616739085756383e-11	0.8065576363071971	0.041071419184842736	0.9992999275882588	2.57666561762631	1.1153033730224733
4.9	1.0152955230913452	4.13365978711536e-11	0.7953450039321478	0.0400938583770929	0.9993046823270695	2.546916795779096	1.1226021150596655
5.0	1.050263493804745	1.8875909355256942e-11	0.7839939787339282	0.039155467802965124	0.9993104588318276	2.5185014542691913	1.1296574188992161
5.1	1.0847539632555805	2.2734930013091805e-11	0.7725442418565682	0.03825414167570653	0.9993171230923124	2.4913364565810454	1.1364770406040023
5.2	1.1187585081932956	-5.5028038722766904e-11	0.7610313277221097	0.037387914664143165	0.9993245631001435	2.4653452083084217	1.1430686704992195
5.3	1.1522706702577734	7.260155400320461e-12	0.7494869697140104	0.03655495104765886	0.9993326798361717	2.4404570405641386	1.1494399144449687
5.4	1.1852857284003258	-4.662700966079459e-12	0.7379394264895387	0.03575353299860505	0.9993413661739758	2.4166066610498067	1.1555982904958286
5.5	1.2178005703787873	3.2642718885990384e-11	0.7264137928611833	0.03498205330180018	0.9993505392313908	2.393733658697438	1.1615511598842854
5.6	1.249813485475679	4.725966194271759e-12	0.714932278949334	0.03423900553928536	0.9993601208890928	2.3717820699644396	1.1673057339578212
5.7	1.2813240305934093	1.4049470308737103e-12	0.7035144690142501	0.033522977132899895	0.9993700367357357	2.350699981751862	1.1728690583672172
5.8	1.312332899571667	-9.12433209172998e-12	0.6921775664848511	0.032832642448496076	0.9993802257277227	2.330439182184876	1.1782479914520974
5.9	1.3428417744286207	4.775220198739551e-12	0.6809366181724006	0.03216675597752177	0.9993906285119469	2.3109548428181177	1.1834492066033797
6.0	1.372853229948932	3.776684260023616e-12	0.6698047241336967	0.03152414725081341	0.9994011960153832	2.2922052317177526	1.188479175355397
6.1	1.4023706066924908	-2.438299795612796e-12	0.6587932094275945	0.030903714629411903	0.9994118792033744	2.2741514602228934	1.1933441771188762
6.2	1.4313979488022808	3.895540880548038e-11	0.6479118081665636	0.030304421279800948	0.9994226362542984	2.2567572467423487	1.1980502884791058
6.3	1.459939884157158	2.7525680920692103e-11	0.6371688218665579	0.029725290322712893	0.9994334360706176	2.2399887084658436	1.2026033744328624
6.4	1.488001551693116	-4.1927467555452856e-11	0.6265712595996038	0.029165400455961672	0.999444237226204	2.223814171251611	1.2070091171709054
6.5	1.5155885618911957	-9.677884492280611e-12	0.616124969454078	0.028623882994431762	0.9994550200046268	2.2082039938698883	1.2112729787705314
6.6	1.5427068797937842	2.1241672199947556e-11	0.6058347593105837	0.028099917408280314	0.9994657555192612	2.1931304147434854	1.2154002383252571
6.7	1.5693628139446516	1.984379329389932e-11	0.5957044982000281	0.02759272872254022	0.9994764216663103	2.178567406580139	1.2193959798061345
6.8	1.5955629419736863	2.5047781042953275e-11	0.5857372224436295	0.02710158430127257	0.9994870017089292	2.1644905457145502	1.2232650939942933
6.9	1.6213140483099688	-2.2548957413094513e-11	0.5759352308070933	0.026625791260718536	0.9994974758988553	2.1508768952776736	1.2270122925413152
7.0	1.64662312361181	-2.295772980581014e-11	0.5663001470006775	0.02616469383993164	0.9995078272311964	2.137704894172857	1.2306421092817483
7.1	1.67149729769319	-6.247525476189958e-12	0.5568330109467285	0.025717671063188063	0.9995180515402389	2.1249542580161207	1.2341588897585543
7.2	1.6959438102444657	3.2565989066092113e-12	0.5475343342674097	0.025284134498538124	0.9995281333363817	2.1126058896910025	1.2375668262956432
7.3	1.7199699697502586	4.527277659221541e-11	0.5384041643447567	0.02486352623060973	0.9995380613205773	2.1006417951016827	1.240869942935332
7.4	1.7435831567410789	9.626808606954184e-12	0.5294421452038441	0.024455317197408812	0.9995478333816497	2.0890450044427027	1.2440720976437678
7.5	1.7667907761022823	5.149605627140919e-11	0.5206475530365714	0.024059005244873123	0.9995574418618314	2.077799504267445	1.247177003095129
7.6	1.7896002426387905	5.4754543743478195e-12	0.512019347513723	0.02367411342922259	0.9995668812919609	2.0668901720141615	1.2501882236329909
7.7	1.8120189444054335	-2.6001317519424733e-12	0.5035562185668467	0.023300188697044092	0.9995761462759329	2.056302716331582	1.2531091805131367
7.8	1.8340542680506782	-2.5724936630817275e-12	0.4952566077795654	0.0229368003445654	0.9995852359198032	2.046023621270259	1.2559431572564455
7.9	1.8557135447519792	5.748384782454933e-13	0.4871187536681689	0.02258353885044629	0.9995941465719738	2.0360400956635814	1.2586933073314535
8.0	1.877004054844221	1.672071289676286e-11	0.4791407142590405	0.022240014567884058	0.9996028809448827	2.026340026949841	1.2613626528604858
8.1	1.897933014408196	-2.3890898218329698e-11	0.47132039356688943	0.021905856494516845	0.9996114340374773	2.0169119370336785	1.2639541027260708
8.2	1.9185075671127945	6.303200212630651e-13	0.46365556583281214	0.02158071131916936	0.9996198082063157	2.007744942808224	1.2664704429865496
8.3	1.9387347596294244	2.926780989443646e-11	0.4561438988153196	0.021264242365304272	0.9996280016091941	1.9988287186038818	1.2689143507431435
8.4	1.9586215648311285	1.0327505804766146e-11	0.4487829681367512	0.020956128806669576	0.9996360186794706	1.9901534612902207	1.2712883916944309
8.5	1.9781748633481957	1.5569574372202548e-11	0.4415702790496799	0.020656064550091117	0.9996438597862631	1.9817098580536523	1.273595032766369
8.6	1.9974013957118215	-1.9540498142257353e-11	0.434503277365075	0.02036375753360067	0.9996515219488182	1.9734890595811783	1.2758366433162103
8.7	2.0163078536924	-4.546076311662561e-12	0.4275793645058549	0.02007892913490017	0.999659013055457	1.9654826472489386	1.2780154919901734
8.8	2.0349007643544943	3.1600880426678847e-11	0.42079591078871403	0.019801313073226495	0.9996663315009326	1.9576826128730673	1.2801337620034121
8.9	2.0531865915683163	-8.897481254044362e-12	0.41415025967869173	0.019530655185302944	0.999673481733415	1.9500813298668223	1.2821935475860353
9.0	2.0711716539190212	-2.458530560254986e-11	0.4076397471743842	0.019266712419730374	0.9996804667390211	1.9426715350580053	1.2841968595032112
9.1	2.08886215167968	-2.004701157715969e-12	0.4012617062418511	0.019009252300886688	0.9996872867339324	1.935446306514417	1.2861456315482873
9.2	2.1062641795051884	-8.183866614670522e-12	0.3950134689008483	0.01875805272625806	0.9996939434219507	1.9283990424821202	1.2880417198875096
9.3	2.1233837169508853	-2.4954273342582017e-12	0.38889237742273514	0.018512900946655694	0.9997004430279997	1.9215234451876142	1.289886904620613
9.4	2.140226628404899	-1.5321310708569942e-11	0.38289579054043793	0.01827359350487618	0.9997067890767857	1.9148135034835065	1.2916828987803803
9.5	2.156798646565248	-1.4228631242532351e-11	0.37702108573207493	0.018039935401585716	0.9997129848694297	1.9082634770749944	1.2934313473497112
9.6	2.1731053835418184	7.07964516627796e-12	0.3712656665200032	0.017811739825910836	0.9997190302061427	1.9018678820349235	1.2951338343154106
9.700000000000001	2.1891523508516615	1.8143907713608286e-11	0.3656269648072937	0.017588827873258026	0.999724929362189	1.8956214760182712	1.2967918797248847
9.8	2.2049449262971774	-1.1265226219183214e-11	0.3601024408972746	0.01737102800187033	0.9997306845697738	1.889519246378057	1.298406945331015
9.9	2.2204883972916005	-3.330717383178689e-14	0.3546895927510646	0.01715817564220632	0.9997363029910602	1.8835563961596173	1.2999804338730636
10.0	2.2357879001156804	1.468133488513753e-11	0.34938595436701547	0.0169501129460309	0.9997417851521346	1.8777283358124464	1.3015136977023065
